0.5,1.0,1.5,2.0,2.5,3.0,3.5,4.0,4.5,5.0,5.5,6.0,6.5,7.0,8.0,8.5,9.0,9.5,10.0,10.5,11.0,11.5,12.0,12.5,13.0,13.5,14.0,15.0,16.0,17.0,18.0,19.0,20.0,21.0,22.0,23.0,24.0,25.0,26.0,27.0
GFPT1,0.0,-0.342586947831,-0.0525012548007,-0.359164670643,-0.113271203113,0.0125066946449,-0.480604596138,0.0348605745814,-0.555993733727,-0.939180045454,-0.201907946733,-0.6162451086,-1.30323665706,-0.416789498541,0.293746228172,0.221690788859,-0.0929114860854,0.0153905589358,0.0823352752005,-0.640427386476,-0.684251460226,-0.256858466095,0.0815261209377,-0.241859596245,-0.127047311018,-0.214307523276,-0.702253647606,-0.296419046684,0.135436215769,-0.71035843556,-0.720295165833,-0.744962085574,-0.200463873138,-0.380214080267,-0.27899498174,-0.671191174735,-0.378505913691,-0.666018104849,-0.738946272007,-0.605433128523
EXT1,0.0,-0.296292759264,0.0129630930989,-0.217796740828,0.223506550379,-0.0429388623065,0.740313234274,0.14717100907,0.446638260445,0.25128380864,0.555582160851,0.468563166112,0.161880929582,0.577114860891,0.47030919399,-0.081195793674,0.422326482872,0.557263384302,-0.268031881884,0.197294004451,-0.0481557512457,0.2409996467,0.227547847231,0.24596558007,-0.189743863508,-0.232998696226,0.212784709078,-0.216945040561,-0.214966778777,-0.377045388709,-0.412073620275,-0.490799261228,-0.337422532531,-0.663835206995,-0.308556672608,-0.866287529642,-0.325187149919,-0.642407793698,-0.583918959959,-0.599984956764
MCPt4,0.0,-0.583297532226,-0.852191621847,-1.0387529017,-2.10001173197,-0.250428574528,-1.70915260816,-1.62599892247,-1.54598740843,-0.142462226637,-0.555050030898,-2.49948894633,-1.99762206137,-1.19343859594,-1.23018778209,-1.1851170717,-1.05679297472,-1.59979385212,-0.420919893952,-0.388158598795,-0.794914243868,-2.020613704,-3.07773810296,-0.0832743544611,-1.1646987005,-3.75822321473,-1.45966962821,-1.58543855915,-0.598351877948,-1.17111544217,-3.20363436305,-0.881706268162,-2.64671489951,-1.93986929372,-1.7060433504,-0.971253532859,-3.28945373151,-3.62306363145,-2.61429342182,-2.78094329123
LRAT,0.0,-0.367347771514,-1.22593405091,-1.04646621313,-1.72853529685,-0.543630479123,0.286609567284,-2.22532876664,-0.341209478692,-0.865181349524,-0.8727446436,-2.19183185465,-1.21507759887,-0.52067462576,-1.48015641931,-0.900015764793,-1.93571212504,-0.271132456255,0.00542512875995,1.73276651115,-0.122850996112,-0.59157770198,-1.50638796088,-1.57721854739,-0.372029678862,-1.24114928412,-0.306545552388,0.0271779272882,1.20946735615,0.344221045587,-0.323935390661,0.836708313504,0.0868841734125,0.558317728503,0.197102928731,3.07937091512,1.17469101857,1.65337024552,0.546847399883,0.131987059693
Epcam,0.0,0.120133332106,0.0712701376934,-0.165853586062,-0.479165620548,-0.251772115018,-0.136268104863,-0.360805518942,-0.474483854755,-0.685036324688,-0.682686657979,-0.852670354473,-1.16886496222,-0.781132714308,-0.33945810885,-1.01138038581,-0.640578072724,-0.610118917973,-0.686683371314,0.0793221517025,-0.763934021635,-0.821059112458,-0.790631629301,-0.634207543346,-0.506852217772,-0.423570492035,-1.19876989146,-0.50674830341,-0.61694441622,-1.08953032973,-0.837692783047,-0.951319567842,-0.339920852235,-0.736746211794,-0.940331309157,-1.02144023612,-0.550635947411,-0.743219815101,-0.551385983841,-0.997296612791
FGFR2,0.0,-0.320141181947,-0.187180601296,-0.452639484328,-0.347310531303,-0.657319350801,-0.692680491117,-0.657804589342,-0.557665088204,-1.25118358708,-0.422894527476,-1.02010892264,-1.23540499584,-0.650757723214,-0.40143850112,-0.523473839481,-0.840592134082,-0.816825918415,-0.91883439853,-1.79571260325,-0.906480498769,-1.14362781576,-1.10644793937,-0.722317350897,-1.25540012048,-0.538996200172,-1.05403768718,-0.293097090446,-0.408668539044,-0.475529969917,-0.397583737784,-0.556232009755,-0.0788943053243,-0.333290439465,-0.443419017705,-0.513485939091,-0.526350820882,-0.660557361454,-0.41398685941,-0.762195848707
pgk1,0.0,0.363700948617,0.176501769224,-0.035782302185,-0.189951837158,0.525231397374,-0.328152408586,0.170483007716,0.0336789490961,0.0729276982936,0.566517831617,0.11515345165,0.478934669093,0.438534790246,0.500494527128,0.0911395763501,0.0700854576591,0.235578035938,0.265927662925,0.971759343572,-0.13599740185,0.377665501477,0.20916347588,0.570728479354,0.579022210065,0.21677665999,-0.232063547379,-0.0925031482541,0.340944028129,-0.323218368022,-0.415082752491,-0.517854475672,0.170724240898,-0.166298051013,0.145785596954,0.0595723169606,-0.0980140527791,-0.26284435784,-0.227764833599,-0.33412984554
ABCA3,0.0,0.551213935977,0.515813469859,0.363836169171,-0.0142400229127,-0.715588939672,-0.643284238255,0.33950623245,-0.146308061183,-1.20266442472,-0.387936653972,0.289433502444,-0.332199507801,-0.0252533614076,0.2054037065,-0.286921743426,0.282869433615,-0.676318957262,-0.613857982242,-0.323403292293,-0.436657912049,-0.190857158421,0.154081135849,0.241161280301,-0.158823330782,0.615267000327,-0.198615369472,0.175399615721,-0.221786175886,0.600945708011,0.697718049018,0.259673102455,0.844934134453,0.358568858035,0.37923908723,0.0129246941739,0.525636839327,0.578860353867,0.307989721928,0.537875489114
ALDH1A2,0.0,0.141081676869,0.242808257891,-0.778750307469,-0.0247703776107,-1.98748936153,-1.52785186419,-0.570471498124,-0.66058723086,-0.634640388115,-1.18564524624,-1.83707251898,-1.11652468425,-1.07502298037,-0.509848629486,-1.61701408406,-2.35865900944,-1.17271199028,0.020978839504,-0.125219385798,-0.913545401883,-3.53114945429,-1.51147603523,-2.42152496311,-1.59441719375,-2.32249934615,-1.71018188652,-2.0,-0.973403182054,-0.828933174168,-1.47370909614,-3.19150325355,-1.38526684431,-2.19411446701,-1.95280483233,-1.37042417182,-3.30828548693,-1.54358298463,-2.4985079026,-3.15035408148
PCYOX1,0.0,-0.549643090103,-0.276291599956,-0.885428437828,-0.283219320547,0.503653783586,-0.0899504682918,-0.440343327326,-0.446405589549,-0.0556279925362,-1.06008305024,-0.592830465413,-0.482576354441,-0.587282663964,-0.626572890893,-0.201999485349,-0.17336195736,0.031922065414,-1.52556957221,-0.219541948607,-0.695366225709,-0.162343612162,-0.729554219391,-0.306187431955,-0.599840397175,-0.885867748136,0.107029840501,-1.04749594669,0.179680316686,-0.697967499652,-0.61123658051,-0.544952242268,-0.895124301694,-0.0357487465938,-0.343714360684,-0.80762244285,-0.868181821268,-0.509994799676,-0.26039752331,-0.796738820497
E2F8,0.0,-0.220016049459,-1.48971418557,-1.04100897353,-0.961976553545,0.333582280353,0.386939179605,0.436285232983,-1.14551692684,-0.260468093196,0.0282613354651,-0.374236968153,-0.794215208703,0.0490998543439,0.185850863929,-1.01290048871,-0.221679098681,-0.0157829972409,0.146427039073,2.19585225609,2.44023457857,-0.436602849114,-0.195297654255,-0.507861532284,0.979158712936,-0.584962500721,-0.389110244635,-0.195297654255,0.502248495361,-0.34857208476,-1.86782511585,-0.870431611668,-1.48172139482,-0.355858438839,-1.43467282202,-0.263890858837,-1.14236349381,-1.02737097152,-0.448237549597,-0.811642280461
POS_D,0.0,0.460595551771,0.0875313339055,-0.115509562304,-0.22443156661,0.0081278808834,-0.487057912749,0.400996560801,0.184471146497,-0.0341691399786,0.0231020955784,0.569745292271,-0.0134531629385,0.147104294032,0.142892042745,0.171088934576,-0.218322757027,-0.355352233537,-0.123943933248,-0.510088881405,-0.558998481885,0.314690674374,0.51904917288,0.331444740557,0.131244533278,0.473232377449,0.161230523341,-0.0728366483101,-0.0282198736475,0.294420487382,0.25982873934,0.0127519074088,0.285372362072,0.575226365505,0.342047755511,0.345717569995,0.646880464934,0.69658308181,0.3272744292,-0.00408117681182
HPGDS,0.0,-0.362392785314,-1.37746944657,-0.0462414895823,-0.25392845191,0.132711563892,-1.15830525447,-1.41868276261,-0.80741698013,-0.925503050053,-1.48453348679,-1.89748867388,-1.05000563912,-0.554263090585,-1.2275315875,-1.33176652986,-2.20218006385,-0.725510013673,-1.06135737541,0.994528645244,-0.734155094716,-1.32864583853,-2.31994364472,-2.30760229452,-0.797459855552,-1.99306633387,-1.72345927411,-1.61759837216,-0.641407028691,-0.81831846045,-1.55426309059,-2.37424842483,-1.78030513451,-1.39498833335,-1.96566017652,-0.851078208926,-2.01999609337,-2.06187549178,-2.44818127252,-1.98125703158
integrin subunit alpha 8,0.0,-0.642497009382,-0.117249534644,-0.831581508458,-1.0190614192,-0.348921392159,-0.689338289126,-0.55195373862,-1.1259103556,-0.762974855494,0.152941861384,-0.588677198727,-0.709734735089,-0.621991840447,-0.0239253222556,0.0209473562286,-0.333743749793,-0.326165940237,-0.530862563606,-0.551387287224,-0.155476733893,0.0887625461299,0.229990960952,0.278684171703,-0.145781800462,0.805078593041,0.541283136728,0.788796887596,0.817981706996,0.576202187949,0.94800483055,0.297169558192,0.873330397807,0.765252837665,0.550574057669,0.448442800709,0.926877816295,0.520823965854,0.596356309464,0.283835750899
ipo8,0.0,0.397604681282,0.502294177425,0.297590347819,0.081012030409,0.334772581019,-0.0522030425692,0.389106007927,0.666669717178,0.318315214804,0.362195061176,0.104261194396,-0.379524396227,0.294771482051,0.530065348983,0.247374061662,0.408109192961,0.109804929551,0.0816254472476,0.737043470339,0.257616030048,0.0158773570498,0.0939609466639,0.348090175787,-0.157566238188,0.216204535363,0.48254988136,0.168496526106,0.0768338646787,0.57919665503,0.255660422343,0.676935733002,0.395435362925,-0.11547721742,0.115327443733,0.226558450916,0.0598746217575,0.155852926834,0.165953516803,0.263358862158
