0.5,1.0,1.5,2.0,2.5,3.0,3.5,4.0,4.5,5.0,5.5,6.0,6.5,7.0,8.0,8.5,9.0,9.5,10.0,10.5,11.0,11.5,12.0,12.5,13.0,13.5,14.0,15.0,16.0,17.0,18.0,19.0,20.0,21.0,22.0,23.0,24.0,25.0,26.0,27.0
ERB,0.0,1.34289163329,-0.448163282174,0.466492703414,-0.0396755808553,1.98586686251,0.0242543404995,-0.929591260043,0.516935643003,-0.613576495789,0.314161761987,-0.823341761763,-0.399494707165,0.972425186019,0.194936323261,-0.25239315659,-0.844413985382,-0.824063289681,0.934748172439,0.388293491564,-0.0697372254831,-1.41408661508,-0.588227441387,0.170513717939,1.2403337414,-0.585778043445,-0.548930992445,0.277972139323,1.6230468194,1.00772474884,0.335318413583,0.18277669962,0.215094419893,0.0366277864579,0.5299815294,0.939857323563,-0.0943328914253,-0.0147507736232,0.235667338277,0.118140202106
NME3,0.0,0.776995734281,0.168640584278,-0.0915183135675,-0.35325940238,0.942170754798,-0.571230497233,0.317326106068,0.0946972891358,-0.131859615623,0.449921857054,-0.281778964708,-0.260128291738,0.607308703155,0.624869233365,0.61567217609,0.585732602496,0.280531659271,0.665631197491,0.61105156718,1.05324399137,0.352673256108,0.461123654466,0.738079843813,0.777313019314,0.794813823999,0.610161289435,0.451612651477,0.618773889649,0.508716025875,0.44932463266,0.498167859611,0.66211336907,0.371709238733,0.594311766389,0.181043948453,0.540092524825,0.390912060395,0.186907354443,0.183799127265
NEG_E,0.0,0.362570079385,0.192645077942,0.308122295362,0.440572591386,0.65207669658,-0.222392421336,0.362570079385,0.584962500721,0.0995356735509,0.836501267717,0.362570079385,-0.222392421336,0.192645077942,0.836501267717,0.777607578664,-0.222392421336,-0.48542682717,-0.48542682717,-0.48542682717,0.280107919193,0.362570079385,0.893084796083,0.777607578664,0.192645077942,1.0,0.65207669658,0.0995356735509,0.0,0.0995356735509,1.19264507794,0.362570079385,0.192645077942,0.893084796083,0.777607578664,0.893084796083,1.0,0.836501267717,0.51457317283,0.716207033999
Thy1,0.0,2.43898445275,0.501061243112,0.136268022226,-0.323967240161,1.11133316301,0.198440879326,0.609210046968,-0.45973730675,-0.613360495863,0.638302958488,-0.136688671968,0.172639386139,0.0194305299489,-0.404749894877,-0.096046687471,0.239063132097,-0.360126903456,-0.661539323994,1.97284839374,0.981130247946,0.673479768479,0.0946368741381,0.901337364322,0.739896909176,0.66476564865,1.1203594388,1.09730606091,0.539702096763,1.05948042872,0.566918325251,0.0629958644338,0.448871094355,1.03622018791,1.55503967763,0.142681106998,0.946868286348,0.906999269108,1.31670211665,1.26303440583
TCF12,0.0,-0.429896325986,-0.0901704678548,-0.293282639038,-0.256378487396,-0.371676093524,-0.0947471706841,-0.236431955979,0.0447404018917,-0.686836779848,-0.18436491846,-0.368566378814,-0.609503880826,-0.605005607524,0.0882121220057,-0.389974802775,-0.22156330456,-0.283376961568,-0.622662430315,-0.422585200592,-0.213615252103,-0.645747401426,-0.467207232683,-0.306217468919,-0.620685184554,-0.527764973663,-0.524143077318,-0.426438211983,-1.05211303818,-0.849840893239,-0.728813597776,-0.916399065369,-0.804773472938,-0.822747919948,-0.854628738917,-0.986881283581,-0.661446087784,-1.02855165382,-0.985635503025,-0.896768863917
P4HA3,0.0,-1.21892275037,-0.369807436097,-0.435655795183,-0.215950712941,-0.940107761841,0.415086656648,0.222083393802,0.892146703837,0.518225915312,1.27032414444,0.167804178459,0.146467103114,1.11334292961,1.39024661089,1.74363566743,1.16350926615,1.38000828126,1.42104684661,1.65824847261,1.58581432477,0.567355170946,1.17548553516,1.24888965848,0.384082201878,0.179310931023,0.265751932217,-0.691862579115,-1.22304801302,-1.01204474217,-2.04737126054,-0.933332766156,-1.8367541035,-1.53833564603,-4.3056991932,-1.54233916309,-1.76415897277,-2.31154401568,-1.90507288755,-2.43689743358
Serpina3,0.0,0.200290817989,-0.598987927533,-1.18747819381,-1.4304872475,-0.0984484880881,-0.785787689641,-1.45404901266,-0.618985362066,-0.293035543765,-0.585914460532,-1.51318413675,-1.30866619548,-0.0895703367416,-1.43906283273,-0.317335790238,-0.927819266745,-0.185953782148,0.189760824724,1.02619534238,0.00927510234385,-0.0648803138649,-1.35065586344,-0.612504241369,0.440038235145,-0.340444904151,-0.560429488977,-0.23289868786,0.710845801167,0.295377556642,-0.473003338385,-0.107989255298,-0.392793324166,0.21019620111,-0.559494192322,-0.0876214576037,-0.498470291441,-0.447689697432,-0.857161754999,-0.799341100611
Akt,0.0,-0.154271101001,0.514682222636,-0.297225410353,0.0427748184955,-0.263317384316,0.254421981494,0.706331546749,0.444120621749,0.148878411815,0.910869991825,0.299280251356,0.223806481769,0.69177103276,0.847924857116,1.00081030835,0.572490351452,0.305375195525,-0.150209567531,0.456309353745,0.736505725943,0.407190843212,0.485106787872,0.515651519386,0.10125985633,0.535634104902,0.0314281883596,0.214666416103,-0.430445989102,-0.165136059436,-0.373283571507,-0.481506217847,-0.0327912902463,-0.101709968576,-0.0951465152494,-0.339289184183,0.00623500274634,-0.428659664584,-0.510897814677,-0.469784589158
tbp,0.0,-0.166949437823,-0.460468037533,-0.248157764418,-0.750555566772,0.457153657955,-0.177846565743,-0.676932703629,-0.0829802765706,0.0132350386887,-1.21785247821,0.039010247808,-0.172387713129,0.144420058528,-0.218856930689,-0.266872880504,-0.134553808163,-0.0572398405439,0.345664434198,-0.266042074238,0.912348283705,0.341445825686,-0.669498243794,0.278207248764,0.446295833578,-0.359539128682,0.428443625432,0.199191830466,0.716094415831,0.169713939453,0.209980626377,0.312677686146,-0.229142491427,0.204596313526,0.133809845201,0.339127147268,-0.183718348537,0.0543902247237,0.338990638298,-0.0098761710769
rplp2,0.0,0.706906980869,0.567710086886,0.143159208023,0.0202739797783,-0.0403716788404,-0.0146200319522,0.630783663145,0.36615049291,-0.317773344906,0.0216430425961,0.20168513947,0.181466170839,0.277248265053,0.294831577056,-0.0247962705521,0.332431180323,0.155628532752,-0.209043902258,0.428978832347,-0.265358427315,-0.202032298682,0.0788202885682,-0.155633287063,-0.932390293793,0.141987880904,0.223578843629,-0.12118904852,-0.730341118091,-0.318524893249,-0.287740022514,-0.593308069107,0.226449165473,-0.480220566805,-0.00814787122308,-0.583770466761,-0.186170933786,-0.288092004716,-0.381899227672,-0.278459542722
gapdh,0.0,1.79854499015,0.359854139435,0.0114296041814,-0.321338691243,-0.194530035827,-0.151999528678,0.0981882739382,-0.151007677469,-0.489892190043,-0.210911536767,-0.383435121651,-0.486704293675,-0.464138995558,-0.0264310190361,-0.418824688151,-0.161016793154,-0.336936490379,-0.45745919825,-0.616330608554,-0.893682273611,-0.709211606908,-0.211388160975,-0.841909729774,-0.890486890493,-0.275810628123,-0.565101472628,-0.654504820275,-0.935368046977,-0.609216753587,-0.576347269749,-0.901741792954,-0.17931300517,-0.612515836909,-0.621068069173,-0.806025429529,-0.295717918014,-0.613268169083,-0.43481071091,-0.641675863901
LOX,0.0,0.101114030511,-0.0496316656572,-0.450830743328,-1.06958654324,-0.819636029326,-1.20007486708,-1.27103016119,-1.63987017833,-2.04903876697,-1.62481159067,-2.11596760031,-1.87624612246,-1.96399416327,-1.83093993336,-1.88904913952,-1.64968419528,-1.18761322544,-1.69169220967,-1.79449924819,-1.72268667614,-1.88835246075,-1.62165021099,-1.42816984231,-1.98129091358,-1.38835912806,-1.04677560452,-1.32083388768,-0.951150833056,-1.87079370639,-1.57971274595,-1.50577223651,-1.75032808716,-1.6651416455,-1.77595925719,-2.08505113056,-1.98582269572,-2.6304666348,-2.42334515498,-2.6768512337
EGFR (Epidermal growth factor receptor) (PMID 22916088 22245996),0.0,-1.374238959,-0.914014656347,-0.753082351551,-0.435513104566,-1.12886790177,-0.478498744968,-1.60721843654,-0.365932366468,-0.785330903194,-1.48301328409,-2.14537554141,-1.9629522842,-1.5529686027,-1.39144959087,-0.526714256447,-1.78072900124,-1.44669843196,-1.57640406054,-1.85212652252,-1.5350654455,-1.8519707996,-0.908660217726,-1.37189265871,-1.85352878576,-1.58945553556,-0.788903774795,-0.361658369222,-0.846143290501,-1.97053966531,-1.42186898675,-2.37491003199,-1.46897438928,-1.77304249308,-0.346441787036,-1.83632873781,-1.70087113319,-1.86259843544,-0.351661284661,-0.0114328355651
TST,0.0,-0.402608459034,-0.0725576919208,0.0177337708005,-0.2639013604,-0.97445216374,-0.748408130179,-0.926435336368,-1.37746495636,-1.35416029454,-0.881810411653,-1.61705382531,-2.42860246349,-1.18251679845,-0.936611520416,-1.2129880304,-1.33494952116,-1.60336511578,-1.29187150662,-0.636314281614,-1.5236371049,-1.51330339151,-1.49560749392,-1.55988231677,-1.83030602416,-1.03127196064,-1.13500079948,-1.31792581739,-1.48371949852,-1.66780339201,-1.43454838628,-1.60496434505,-0.966109174984,-1.11040121809,-1.21531261506,-1.70954866312,-1.39824426684,-1.12874299975,-1.40991157884,-1.65947074257
FOXD1,0.0,0.122520810627,-1.1941832772,0.272079545437,-0.823268331151,0.746681598715,0.523534432376,-1.561728172,0.907523495395,0.927631068844,-0.788956360014,-1.54685489552,-1.58622913385,0.669712726038,0.295479329211,-0.990535533249,0.54104308223,0.941541459374,-0.00952696643341,1.60819682945,0.66639267339,-0.540395744793,-1.52300815356,-0.93743935107,0.0219879398422,-0.25633975326,0.438271828003,-0.367098884714,1.09848022318,-0.365466876575,-0.739499973458,0.168306328332,-0.330817969219,-1.26544196037,-0.449416969903,0.760573629677,-0.472068444315,-0.827755722143,-1.31655727609,-0.5928972641
