0.5,1.0,1.5,2.0,2.5,3.0,3.5,4.0,4.5,5.0,5.5,6.0,6.5,7.0,8.0,8.5,9.0,9.5,10.0,10.5,11.0,11.5,12.0,12.5,13.0,13.5,14.0,15.0,16.0,17.0,18.0,19.0,20.0,21.0,22.0,23.0,24.0,25.0,26.0,27.0
CTPS2,0.0,-1.1012449685,-0.754711660242,-0.681269450916,-1.27381330671,0.231108427748,-0.719795537491,-0.962888067566,-0.938417101162,-0.411212893636,-0.891121049737,-1.37437525207,-1.47181382712,-0.687465597006,-0.888369610431,-0.773961155012,-1.1037623222,-0.663994443493,-0.659790135093,-1.40965473921,-0.833161145791,-0.813110908767,-1.07713436517,-0.678181328681,-0.853352755961,-1.31677895073,-0.482147973393,-0.716966470634,-0.00933075943975,-0.607887287936,-1.08656431874,-0.727539490818,-0.845888216717,-0.803530316414,-0.719152080436,-0.529872237793,-0.823446925473,-1.03937640077,-1.13140457736,-1.08639834865
SNAI1,0.0,1.04357228038,-0.926284846402,-0.71322022722,0.258031247346,0.333582280353,1.00640724239,0.764947039235,0.0380234464549,-0.260468093196,0.935058640308,0.483999122906,-0.413611206488,0.457917341416,0.932070146146,0.406450003442,0.125649793688,-0.0157829972409,0.742946571217,1.19585225609,1.73782153904,0.313053466989,1.77498904062,1.35995154134,1.23639041596,2.5017446731,-0.200207568378,1.16881468691,1.50224849536,1.75694725053,-0.0746766862945,0.149003280902,1.45930188571,1.56917950348,0.870962227501,-0.394727493941,1.56869852497,0.875636189605,-0.409814638399,-0.417417791917
polr2a,0.0,-0.329604318378,0.00314918934038,-0.162951768135,-0.327106310891,-0.716989937904,-0.47562582856,-0.725922750177,-0.650042695888,-0.53169020441,-0.791453993286,-0.890025051918,-1.0788019436,-1.14225456535,-0.820619259412,-1.03414629796,-1.00320209195,-1.0402078528,-1.13107182677,-0.347193068931,-1.35837195937,-1.1052268634,-1.02926534716,-0.915894443813,-1.48510547846,-0.972186944654,-0.75817395574,-0.861799615848,-1.05940774076,-0.669384005657,-0.700606159003,-0.738634697935,-0.99299249908,-1.01268139204,-0.86079872892,-1.07173977466,-1.14315564436,-0.997079888656,-1.03973583365,-0.920376977389
GATA-6,0.0,-0.433992088867,0.0146577797059,-0.126856660984,-0.166246571356,-0.988375091213,-0.637631670751,-0.31589728254,-0.248345816098,-0.530572356716,-0.53184678927,-0.58174983175,-0.420598827227,-0.702615784637,-0.489499568812,-0.757743450952,-0.490665324173,-0.770606649203,-1.46917805653,0.221317467825,-1.4076039776,-0.888578717332,-0.740913489299,-0.983751229355,-1.03608567093,-0.266015106669,-0.431891178286,-0.772023313159,-0.557498403539,-0.604837201612,-0.981086403998,-0.799478496447,-0.387106923586,-0.666652845657,-0.714881126153,-0.789491294535,-0.71846165105,-0.7878782432,-1.28523039323,-1.14211739181
Igfbp3,0.0,-0.00501395261545,-0.0270374490598,-1.60724784324,-1.69341159633,-1.22171510208,-1.97518833588,-2.06524764391,-3.09578336985,-2.51610372748,-1.87888453238,-3.78004075074,-3.93612423398,-2.95513193819,-2.40493103048,-2.26305260686,-2.2929182625,-3.17302247872,-2.08428876013,-1.5528342897,-1.52402084361,-1.84296404363,-2.50331961401,-1.74047859859,-1.24986265727,-0.813663174526,-1.82297057165,-0.580328718542,-0.137652172163,-1.54688355834,-1.01239941498,-0.914292293918,-0.377480606912,-0.527689602652,-0.62833460299,-0.501171275401,-0.660674023787,-1.23779343207,-1.38911307379,-0.931025547406
SMAD3,0.0,-0.405669567285,-0.133801555917,-0.554444669892,-0.312967874454,-0.437145988975,-0.44054604869,-0.298499464816,-0.191829113336,-0.754443391019,-0.162887577847,-0.667252532411,-0.769646793771,-0.507202038725,-0.0873641380696,0.30195627986,-0.451429589211,-0.0674172595839,-0.491617961635,-0.745459961624,-0.227441085547,-0.202960622683,-0.322752820639,-0.550606897394,-0.174897921549,-0.482503431963,-0.631481100308,-0.704311884443,-0.634290213085,-0.568887737863,-0.963174551647,-0.851177600089,-0.69300366664,-0.919908744271,-0.703933512325,-0.999674885623,-0.781255204485,-1.0581506781,-1.1938466462,-1.39390340539
Acta2,0.0,1.53869299215,-0.197617427143,0.391523904778,0.320880558919,0.750137521238,0.818665985459,-0.262939212997,0.655102484268,-0.0439776970606,0.848842844962,-0.100011731975,-0.481434126169,0.689253652697,-0.0727235166096,0.189309365379,0.0587604085287,0.448442333531,-0.109223721676,1.19680390193,-0.244213704745,0.0737625718679,-0.502857369619,-1.36836144367,0.917733818215,-1.29645145763,-0.609201979535,-0.586152941453,0.683238922494,-0.636319728147,-1.42091989395,-0.318837538291,-0.327173397459,-1.93986929372,-0.94444202351,-1.34399101552,-1.56135767047,-1.48876253973,-1.31765062334,-1.41583101728
Lrp2,0.0,0.332216669487,0.0188152265702,0.612571043334,0.571146723051,1.33386428713,0.141719006746,0.542933747882,-0.605867703177,0.132755208852,0.465949812492,0.285940936219,0.296963637816,0.837514421796,0.985136132897,0.71558652242,0.582105935041,-0.153993435718,0.926013072748,-1.26370908382,1.20238939669,0.782873052393,1.06455889867,0.795483578411,1.13464695807,0.829166704667,0.341255369392,1.15354588189,1.71945190773,1.62378251489,1.50568629369,1.50166076113,2.39452706904,1.50504661892,1.9490403344,2.21842137508,2.10937769437,2.02622219268,1.92942257247,1.92088366736
Sox9,0.0,0.0449521808473,-0.190534114612,-0.383362478757,-1.00754318065,0.682022810969,-0.452088984842,-0.882707908536,-0.542149417182,-0.440776444324,-0.548965311943,-1.47534433714,-0.873172546389,-0.812986902884,-0.360311094196,-1.35101620214,-0.97097818653,-0.565763221163,0.271613305271,0.736290916185,-0.670464728888,-1.29966006641,-1.35300292962,-1.09960979856,-1.2649554727,-1.63055698706,-1.33260416503,-2.65485899416,1.11621540869,-1.5342380262,-1.69461430067,-0.538753507319,-1.52375654233,-2.81541977874,-0.620550739149,-1.26433214366,-2.07480640756,-2.59407127571,-1.85054157189,-3.58004171581
tfrc,0.0,-0.825606721171,-0.181727365062,0.430153752803,-0.324708485238,0.114377024835,0.264068869074,0.16378464498,0.0189110155927,-0.569199624948,-0.340241948514,0.121904408294,-0.0913077397253,-0.0703403102619,0.281044732627,-0.173043083343,0.19352305818,0.343288289569,0.262435166862,-1.3457339887,-0.613635412394,-0.223468505475,0.516165393907,-0.163586968213,-0.430396385771,0.202496754248,-0.0129662884435,0.34753226984,0.00684631438106,0.494582837606,0.419605316873,-0.0341418627451,0.529754101623,0.33379067713,0.282052928788,0.141219680425,0.371727378401,0.439622008099,0.30028006094,0.019958870796
Nol3,0.0,2.09628786503,-0.874741761787,0.240043128158,-1.31906844075,1.53108081246,-1.16992500144,-0.845055631243,0.145363217052,0.0162650543628,0.492071174335,-1.08766731932,0.125258238213,1.55558617316,-0.655351828613,0.594743521514,0.448385580917,1.26521370389,-0.656640524581,1.39278469243,0.536729586482,1.35139500383,-0.429283749133,0.809689758367,0.433322852307,-0.27288219179,-0.296794811734,0.839703699755,0.182591413278,0.714712787319,-0.050772125879,1.05614307804,0.132737233919,0.766111939826,0.206887000518,0.514000561177,0.863722736452,0.444183844938,0.694640184693,0.300837613624
SFTP-C,0.0,-0.254656598121,0.1246227184,0.267712962613,-0.0226586350831,-0.539108198793,-0.0953135058106,0.0250609452443,0.196377134195,-0.514042213965,0.23418406123,0.190396015807,0.0682421857399,0.335515880505,0.384731589412,0.52605458212,0.536238582713,0.119928697271,0.561424970587,0.566847827104,0.649699322043,0.39307417351,0.617726243887,0.324902962639,0.513243239169,0.531269580848,0.276614749501,0.914629816307,0.883847705812,0.89113775239,1.01628035645,0.665399236192,1.35974083529,0.993148939426,0.800650561336,0.810615974256,0.986539732171,1.01779097356,1.10121843323,1.0678726425
E-Cadherin (CDH1),0.0,-0.272249895589,0.10407443528,-0.90471324037,-0.648986468705,-1.06557963388,-1.18332627071,-0.34941803218,-1.23649547865,-1.5218961658,-0.756561726153,-1.29134297535,-1.27443718797,-0.520383635514,-0.371773008073,-0.343335277492,-0.790196979924,-1.05724434806,-1.0170329007,-0.997464397604,-0.879338035543,-1.06924151968,-0.529562766036,-0.931507863686,-1.03644373752,-0.369970731835,-1.28069049003,-0.520701931191,-0.145881848351,-0.877196743809,-0.818899238165,-1.08985964996,-0.440373501214,-0.489351238059,-0.60342744052,-0.993690041269,-0.607129946852,-0.949231907148,-0.855806236207,-0.747138838349
ywhaz,0.0,0.354422959596,0.41167436863,0.368013872705,0.353057369101,0.302431296031,0.334113623679,0.646642952707,0.633288847084,0.204990116296,0.339726390158,0.35211777526,0.240467705192,0.393533940886,0.685789415097,0.806541376595,0.493682779788,0.0768367636583,0.106781203083,0.373558272998,0.310087489,0.340295082554,0.650275001751,0.393207329508,0.192808666738,0.54580491118,0.607392843213,0.653260066249,0.207995869894,0.471373302119,0.561793743734,0.2160746292,0.568928369492,0.376585753909,0.224705867692,0.172184520003,0.597205707322,0.292848077261,0.425367095688,0.640261282269
