0.5,1.0,1.5,2.0,2.5,3.0,3.5,4.0,4.5,5.0,5.5,6.0,6.5,7.0,8.0,8.5,9.0,9.5,10.0,10.5,11.0,11.5,12.0,12.5,13.0,13.5,14.0,15.0,16.0,17.0,18.0,19.0,20.0,21.0,22.0,23.0,24.0,25.0,26.0,27.0
FOXD1,0.0,0.122520810627,-1.1941832772,0.272079545437,-0.823268331151,0.746681598715,0.523534432376,-1.561728172,0.907523495395,0.927631068844,-0.788956360014,-1.54685489552,-1.58622913385,0.669712726038,0.295479329211,-0.990535533249,0.54104308223,0.941541459374,-0.00952696643341,1.60819682945,0.66639267339,-0.540395744793,-1.52300815356,-0.93743935107,0.0219879398422,-0.25633975326,0.438271828003,-0.367098884714,1.09848022318,-0.365466876575,-0.739499973458,0.168306328332,-0.330817969219,-1.26544196037,-0.449416969903,0.760573629677,-0.472068444315,-0.827755722143,-1.31655727609,-0.5928972641
PRIM2,0.0,-0.636827077057,-0.574082345091,-0.358892349973,-1.05757153068,0.746592971772,0.00433486160015,-0.355416812179,-0.47741754646,-0.131438357932,-0.608626102306,-0.568639347494,-0.379746731907,-0.392928058637,-0.287277353168,-0.796845098276,-0.691648130661,-0.06962300644,-0.786043620105,-0.614014712372,-0.492989764694,-0.563016364158,-0.823247475484,-1.25810451806,-0.0937426613564,-1.20772463295,-0.568840574224,-1.0749005561,-0.512791206761,-1.13054698006,-1.36551902808,-0.559013323186,-1.00027136181,-0.64762590154,-0.96012700656,-1.49566531594,-0.69823679354,-1.0155496669,-0.747951210946,-1.05109129599
PHGDH,0.0,2.51934703592,0.291424411569,0.303224563976,-0.755747894155,0.0429726716616,-0.0691594211941,-0.140258586244,-0.57514089692,-0.232340063951,-0.417761401716,-0.620143290058,-1.03064663528,-0.451599926022,-0.0756588870864,-1.03040838988,-0.717849098309,-0.394732195489,-1.00420474889,-0.417138341874,-0.255682247732,-0.39350606556,-0.656448553644,-0.966568095548,-0.46946734056,-0.443858591119,-0.833422230035,-1.12288266547,-0.263641001749,-0.114020096762,-0.88095656629,-1.11654670869,-0.285365772904,-1.2480441467,-0.637274424275,-0.366490788781,-0.478538886539,-0.936569603586,-0.63673031903,-0.864300044209
ubc,0.0,-0.50589092973,-0.958687904973,-0.991558226113,-1.81659176919,-0.834597557248,-0.535037275389,-0.659899159065,-0.686222746234,-1.4286479308,-0.784518270253,-0.684180714695,-1.58179104409,-0.0521538791455,-1.36184456011,-1.19264507794,-1.38985893628,-1.18396283484,-0.425233266385,0.0276724184846,-0.379083226588,-0.919726683799,-1.09989857005,-1.26863315883,-0.441525389466,-1.53136161725,-1.36838740598,-0.169607541866,0.0139025565111,0.0314051373609,-1.26710407014,-0.826692359163,-0.425233266385,-0.678071905113,-1.04122266273,0.337590495702,-0.620316565359,-0.344003247353,-0.769286054416,-0.601888613446
AGER,0.0,-0.231610994514,0.631574843705,0.263370106172,0.57293233755,0.0217143053114,-0.226365568205,0.227671302878,0.453814297715,-0.0319294120879,0.415533068309,-0.0897533875756,-0.145079352163,0.231918894568,0.392217589158,1.02160580127,0.612783262234,0.961573382602,0.345283432595,0.170776948634,0.668760336904,0.614227896373,0.638987636312,0.653884284169,0.814835345905,0.571722426786,0.794474047069,1.33934229299,1.19397859722,0.519578297809,0.976719355348,1.00967678825,0.95809267725,0.981364724407,1.00552604359,0.962332962152,1.15437917419,0.805273772262,0.702094056444,0.575013970986
Claudin5,0.0,-0.303745575575,-0.0447344823397,-0.503801378501,0.574888839609,0.12211219892,0.213569797344,0.0767403339567,0.792336496311,-0.0410209795407,1.26462550385,0.295539254226,0.461426891066,0.583785784127,1.26680155304,1.77094292123,1.23217395598,0.419145937751,-0.0369268506643,0.574643754236,1.35630350596,0.664190894767,0.815821532663,0.705527243549,0.964188425194,1.02815096684,0.366320370613,1.59309713208,1.14509265555,0.915596817517,0.547031424355,0.0868006087103,1.1923750759,0.788555132378,0.580575368779,0.433610471929,1.01613842419,0.344684294588,0.523374133902,0.441113644252
POS_C,0.0,0.348276324987,-0.0119631361076,-0.206343638902,-0.114020429416,0.1018911359,-0.369994457332,0.154535693131,0.167571329232,0.00909662729535,-0.0204224596247,0.418708319964,-0.0338537878824,0.103386279121,0.00556586238781,0.112246577065,-0.417447593986,-0.367703165804,-0.215291295817,-0.452919168038,-0.390947684032,0.1018911359,0.272865522784,0.146771883418,-0.0750482442693,0.0888414248135,0.0520282853512,-0.0155458839485,0.0282385931701,0.28602279226,0.108489556606,0.077235190212,0.15567391413,0.498924793807,0.354138321786,0.353741650065,0.394132903821,0.51675147609,0.125900496556,-0.226072605958
POS_E,0.0,0.678071905113,0.19318329658,-0.175318260213,-0.183446141096,0.189411542691,-0.416473731394,0.571984646723,0.139459720715,-0.198192726465,0.380167039432,0.811655059491,0.181838322986,0.300815813148,0.280867698921,0.147258091276,-0.23827016584,-0.399332598573,0.200697350237,-0.388017285345,-0.354594283808,0.383472184155,0.672678646342,0.55156192897,0.386769774256,0.536795218261,0.273760812427,-0.107246515215,-0.0216950710993,0.416113735838,0.47306962065,0.115808452651,0.457472765599,0.672678646342,0.39334242818,0.512849522636,0.969534719273,1.06730993496,0.620411336725,0.0298352295408
FOXF1,0.0,-0.931655133958,-0.420202458427,-0.360126957816,0.2769516526,-0.216134188058,0.152267935121,0.214535745764,1.16106621602,0.269777701957,1.5656603182,0.492054646931,0.66733118666,0.841932611192,1.35898410522,1.64040480887,1.54901975873,0.790728562094,0.187604453433,0.447563920054,1.09337565135,0.493368754838,0.994065808607,0.700691491847,1.12679427255,0.983716644123,0.423545544996,1.41534356194,1.69490691648,0.998487472298,1.22894562069,0.749960290291,1.4681033761,0.877448620926,1.19470662299,1.02216751585,1.17190874368,0.690137058986,1.28424400652,1.16866675594
Ctnna2,0.0,-0.0475975823468,-1.67852876743,-0.441932726342,-0.494591675614,-0.572832570802,-2.08708223314,-1.58648593808,-0.137693865467,0.186828328102,-0.923641265266,-3.28065181931,-1.49781317686,-1.41224870209,-1.14230780906,-0.714929675284,-1.33819746511,-1.22620403529,-0.759987812082,0.289437404931,0.704708482295,-1.22353484851,-2.56380158644,-1.69076543995,0.423766181947,-1.75612517245,-0.107032334309,-0.515117072946,0.0796043942376,-1.31055330502,-1.83269969756,-0.276496189818,-1.27143328928,-1.77945767628,-1.1901457751,-0.201481605875,-1.4031592388,-2.15836138951,-1.68708352802,-2.5773693514
Hist1h1b,0.0,1.82895071128,-0.939254562592,-0.0824551553048,0.233408001419,0.795517235233,2.51763185933,2.0682044792,3.04498941338,2.58657914372,2.33135246518,2.26863038091,2.7446586716,2.34811750966,2.2979247498,2.09031102395,2.28486166231,2.32840358433,1.25282667404,1.25666927193,0.203884333966,0.520716683896,1.05591352885,1.15864750685,-0.363684790034,0.586192504406,0.881154748994,-0.596109981795,-0.946694986721,-0.819252642381,-1.79013151154,-1.30035744462,-2.15564634831,-1.37963144143,-1.01797400791,-2.02874540635,-1.11574517989,-0.952675078354,-0.552144133056,-1.18824570778
PRDX3,0.0,-0.266478807637,0.051864096506,0.103366994024,-0.276807640175,0.0879922619729,-0.186254856061,-0.655416446969,-0.519534596202,-0.358323714589,-0.779505954089,-0.589962253376,-1.08744613008,-0.883529018632,-0.432222071698,-0.831690087113,-0.493766412255,-0.453361504401,-0.640681758339,-0.34581011662,-1.32522956007,-0.581668573369,-0.746234782609,-0.444904921236,-0.766105270491,-1.13823454845,-0.116476525992,-0.793186719186,-0.553860702631,-0.892270152794,-0.815051458611,-0.604591917928,-0.656399448446,-0.635757287901,-0.41857720003,-0.676130248686,-0.498039763935,-0.744740535928,-0.530950513393,-0.856730976817
hprt,0.0,0.180096971369,-0.204551344552,-0.455226987131,-0.791523042971,-0.515388024611,-0.322799550692,-0.313321093115,0.540023783175,-0.655316189353,0.167176808724,-0.405564746659,0.278970727759,0.16835189068,-0.238159737195,0.42745777681,0.000158389970065,0.594540157544,0.375291320486,0.831677894268,0.351031355467,0.132050075467,-0.339738633122,-0.0729338691026,0.330519350925,-0.020097569357,0.055925414598,-0.150630957736,0.0539431667005,0.117522764711,-0.911531212138,-0.335535148239,-0.428831114343,-0.296104023634,-0.353232214805,0.377853509485,-0.516520527253,-0.464668267003,-0.511995840963,-0.617400178368
ATP1B1,0.0,0.311952342274,0.528111953669,-0.649400406716,-0.773350173445,-0.730939911998,-1.56080362175,-1.27276843657,-1.76039862753,-1.75725952279,-1.58106652564,-1.38899292525,-1.78877369581,-1.37874080522,-1.07290686836,-1.55045822817,-1.24269557261,-1.99460836997,-1.96650827596,-0.705803652258,-1.65577611678,-1.91518749236,-1.49235106783,-1.66508997927,-1.81502772231,-0.954827330763,-1.6885532071,-0.98296821174,-0.788962234111,-0.755278020063,-0.148122233907,-0.540662629281,0.00109084352926,-0.849023052074,-0.225369162906,-0.978983458795,-0.363919190659,-0.497888070517,0.032104978728,-0.461031877951
