0.5,1.0,1.5,2.0,2.5,3.0,3.5,4.0,4.5,5.0,5.5,6.0,6.5,7.0,8.0,8.5,9.0,9.5,10.0,10.5,11.0,11.5,12.0,12.5,13.0,13.5,14.0,15.0,16.0,17.0,18.0,19.0,20.0,21.0,22.0,23.0,24.0,25.0,26.0,27.0
SFTP-D,0.0,-1.51308311768,0.472966064036,0.177181234924,-0.322691353532,-0.64454750548,-0.821370990739,-0.702024226857,-1.44352923121,-1.91578532162,-0.927373913695,-1.2600569907,-1.34454955988,-0.807233108823,-0.757028525313,-0.339959453234,-0.79359604593,-1.02519143119,-0.841118410181,-0.909644286959,-0.889482120601,-1.14807266594,-0.12151646604,-0.815320444927,-0.958888865451,-0.439632189368,-1.04208015794,-0.172203280328,-0.145128488697,-0.251685085376,-0.0866458743291,-0.257700512017,0.769241062889,0.211696663818,-0.0295367144932,-0.28574868147,0.150522240412,0.134544858264,0.219000726557,0.0904764877354
FGF18 ,0.0,-0.113274292819,-0.0446400388274,-0.371942176035,-0.032100843167,-0.475907266248,0.432768454289,0.435379304244,0.73742679213,0.222934991873,0.120457026305,0.571422794937,0.259321369248,0.769376218366,1.2123178845,1.44273452058,1.41384991436,1.03445205532,0.325342887592,1.88833905005,0.877819926793,0.820282210582,1.21155652148,0.844132731208,0.623339059377,0.0636937738676,0.719165104048,0.142502241694,-0.357327321752,-0.288933909833,-1.28628433142,-0.932158313005,-0.601609691482,-1.68203886386,-0.774625962675,-1.08005406639,-0.798967923047,-1.0323783112,-1.66645137085,-1.70264601164
TBX4,0.0,-0.0489054132886,0.148818147041,-0.850305899658,-0.571666792133,-1.63550184157,-0.0727165645984,0.387144546755,1.03881602511,0.0741948543712,0.885827551506,0.485131898621,0.842671207687,1.00859578324,0.75624057321,1.17050504443,0.956423395745,0.908322743846,0.684916368257,1.10036924348,0.919215438025,1.0029113506,0.896629892799,1.49490178222,1.06621423853,1.1010486917,0.825026883612,0.237903658181,0.531485819834,0.703006119316,0.192189648233,0.245708134691,0.446446715636,0.466446366053,0.0500020455601,0.499203714797,0.494987946702,-0.0337854360005,-0.269435738946,-0.414187748294
hmbs,0.0,-0.276551717533,-0.110605487403,-0.0148206182072,-0.0930513299465,-0.377930983975,-0.147332349071,-0.227337313243,0.0158830416067,-0.193073794976,-0.394757450897,-0.0266693951298,-0.322896346629,-0.499647778149,-0.0269652213243,-0.449352075604,-0.277841985146,-0.0768307209879,-0.413586339015,0.121087715526,-0.750580613023,-0.731169690659,-0.430575438243,-0.461296082164,-0.687491480121,-0.804840504538,0.176267094355,-0.561726792827,-0.0872813663713,-0.296978972254,-1.0563551157,-0.582303154271,-0.571762474045,-0.946509705796,-0.885155796713,-1.03378601979,-0.813490086326,-0.912406209877,-1.11447737284,-0.612322251354
TGFB1 ,0.0,-0.798242003528,0.276818737268,-0.0166426288778,0.00360211176289,0.145717924305,0.10563729623,-0.0376038954179,0.014999399649,-0.0603533520164,0.655683350783,-0.0234827871733,-0.0389412959866,0.114378632021,0.0941390503062,0.469799714465,0.252047610329,0.0941859771376,0.248636534166,0.0639321343574,0.0385031480612,0.383154977393,0.415287936733,0.441861221444,-0.0974940873635,0.593170863999,0.353782866939,0.713065252949,0.773272301751,0.405299413709,0.239373409156,0.319712334961,0.379077935187,0.559985466868,0.471751549512,-0.106310375436,0.656446277845,0.155780078848,0.119767171312,0.313840683114
DLK1,0.0,0.907815358978,-0.00406813421422,-2.39658926514,-3.13817596846,-2.19671321216,-2.45495002862,-1.82147493341,-2.62559583699,-2.64310364653,-1.42352175645,-3.84749675999,-3.79525049363,-3.98780078734,-3.78610099298,-4.50204903291,-5.53768196741,-4.47080325593,-5.51710842745,-6.28915086882,-5.35380512493,-5.82722969816,-6.90432798259,-6.24921850154,-5.3715031052,-6.95481775304,-6.28915086882,-6.09424945194,-5.40216444492,-6.32318719282,-6.85094076984,-5.69631947942,-7.22816566749,-6.70501917437,-6.07050084917,-5.8764512327,-6.85924009306,-7.58392735745,-6.32191216398,-7.64798822933
F13A1,0.0,-0.117111881278,-0.867257014632,-0.205146615806,-0.594868380546,0.434030144681,-1.85966785962,-1.52238058677,-1.36547300731,-0.744074197224,-1.77633690146,-2.48453723563,-1.98011568007,-0.932456103374,-1.57692054695,-2.06542020816,-2.61559650636,-1.32694229394,-1.40064916711,-0.163543226262,-1.62157394331,-2.28297104149,-1.85211841779,-2.86725701463,-1.63360363217,-1.72257726199,-2.16354322626,-1.77538462747,-1.18140673619,-1.44198355963,-2.33323464962,-1.17825674577,-1.42433684204,-1.79021597887,-1.08298570569,-1.12664364345,-1.32833822539,-1.61900915145,-2.1139485706,-0.566175704651
RARA RARBRARG  Retinoic acid receptors alpha beta gamma,0.0,1.94909831221,2.24250225515,0.822194139983,1.39981026698,1.599370613,1.65197276725,2.23183353732,1.98101311126,0.66428808968,2.15048758225,1.87654613388,1.4251477265,2.14023763855,2.33897470961,2.21173791882,1.99885636535,1.12738735703,2.41124573209,0.875923343007,1.46916769793,1.60012496336,2.94494752213,1.89479855005,2.69214986503,2.79488953947,1.39068338133,2.53613173819,2.81354745518,1.56036614508,2.00883256363,1.234265183,2.88213918649,2.5242576379,2.55025284643,1.5506431332,3.09296649963,2.41253461995,1.96529034571,2.32307082369
BCL2A1,0.0,0.407204289858,0.161017725435,0.822108805919,0.333100122542,-0.197035126644,0.047594660359,-0.348481295548,-0.489014568552,-1.0846089139,-0.765675827435,-0.0360683618333,-0.672341581612,-0.4312816006,-0.0375155432576,-0.816820239958,-0.567748749852,-0.441494906636,-0.48397449444,-0.820677216622,-0.479738658769,-0.699232275942,0.0351197395366,-0.775543327188,-0.342655475954,-0.781350896416,-0.0530187595032,-0.231485030075,0.233244445654,-0.00537080331802,-0.244211472037,0.0638144193561,0.13594445326,0.0267658722523,0.0683961186477,0.512123457262,-0.0141056132956,0.703599572244,0.532163257112,0.228014343521
ALDH1A1 (PMID 11751205),0.0,-1.69514058476,0.0465635319156,0.317958405973,-0.234024656036,-0.408858750831,-0.458460005144,-0.402297123244,-1.88034825303,-1.93007768528,-1.04912453379,-1.44272907577,-2.02802273569,-1.11382020257,-1.13551127945,-1.97685999456,-1.3443932956,-1.97071966978,-0.943485186494,-0.939469304184,-1.86821625017,-1.76607893278,-1.20574673879,-1.19352992045,-2.01221222084,0.581242509756,-0.657827706027,-0.770712823857,0.0773495064189,-0.136314338224,0.327896593338,-0.257518857625,0.27976036112,0.898059479792,0.0395091598101,-0.83270984841,0.884971040692,0.607276487387,0.820436392915,-0.209145701791
NFATC3,0.0,-0.178278659495,-0.399929576263,-0.385996033936,-0.203690807374,-0.471896107341,-0.36740149005,-0.934573269584,-0.143437274558,-0.751783506267,-0.796579870736,-0.50457958019,-0.756288803255,-1.08397324277,-0.443363279363,-1.58957056669,-0.502685865142,-0.408472940477,-1.03728334713,-0.747541383398,-1.96033125467,-0.827192127968,-0.614348139727,-0.750909107756,-0.804463822943,-0.83617268267,-0.37556128014,-0.580221175584,-0.531892290551,-0.842944976121,-0.664511780634,-0.825218626624,-0.602131423758,-0.272115948385,-0.596510380877,-0.762695487743,-0.731928452944,-0.695541233157,-0.735877663392,-0.967713746779
MUC5Ab,0.0,0.501385883535,-1.09018944026,0.880705544567,-1.55848557244,3.36637724399,-1.45315409751,2.94742688218,-0.725595558278,-2.7200294331,-0.222262711735,-2.74416109557,-2.0509596656,-1.27957680139,-1.27120362036,-0.976582871471,-2.13848969802,-1.66140926666,-0.304778280351,-0.263709083815,-1.67046472889,-3.30157726941,-2.39673450245,-2.56001466113,-1.48040262697,-0.630556987064,-3.33784081339,-1.55314648875,-0.817247131791,-1.60428926206,-2.37503943135,-1.44819028564,-0.880795787592,-2.33260416503,-1.45244393503,-1.7873878431,-2.31571515132,-1.81541977874,-2.35764929447,-2.13392781266
N-Cadherin(CDH2),0.0,0.203004126179,0.26432283621,0.0283941634112,-0.102172753578,-0.442545694076,0.641698566098,1.03630573669,0.537754614867,0.617705643164,1.11163712811,0.534143772152,0.410598479946,0.869799514129,1.16068070801,0.895334606236,1.03891401272,0.457277461523,0.48236395986,1.69903867428,0.527060014071,0.545275480934,0.820502186767,-0.0171160086841,0.10683871143,0.364116057815,0.644060829732,0.403059652003,0.526481895433,-0.575415851489,0.0911745987648,0.0951901434534,-0.157102014051,-0.175796954076,-0.507028876509,-0.391551659089,-0.673344051115,-0.734191941764,-0.562003544111,-0.420401791916
CD38,0.0,0.66624926101,0.458381396578,0.0565264460443,-0.327713800146,-0.702458593476,-0.0721783266346,0.373612168572,0.190295255315,-0.233262642963,0.318557082724,0.273570132786,-0.13205969949,0.280917950884,0.966642216711,1.21063741079,1.20255911733,0.0753565142735,0.741078135059,1.42228906909,0.798842598915,0.753428419386,0.997702437255,1.31240771648,1.30319062292,1.34124926678,1.07297757358,1.78441492544,2.00152967824,1.78113960982,1.40095106042,1.47018079266,1.24919382204,1.96799428753,1.13409701201,1.74053695009,1.71482711893,1.38223137159,1.23519552967,0.851609899299
