0.5,1.0,1.5,2.0,2.5,3.0,3.5,4.0,4.5,5.0,5.5,6.0,6.5,7.0,8.0,8.5,9.0,9.5,10.0,10.5,11.0,11.5,12.0,12.5,13.0,13.5,14.0,15.0,16.0,17.0,18.0,19.0,20.0,21.0,22.0,23.0,24.0,25.0,26.0,27.0
IGF1,0.0,0.375418669813,-0.0797827045833,0.748534462647,0.386671873222,-0.060409731254,1.07855946268,0.656953416854,0.53095304502,-0.170332139879,0.595777356769,0.861084571479,1.0064986373,1.09122542521,0.479327120468,0.512237351894,0.666388996864,0.895775283115,1.35051853221,1.97108071566,-0.0202237509478,-0.217200185469,0.65781375145,0.633703228092,0.152817025789,-0.395271782896,-0.00707338227479,-0.442434734324,0.830736353561,-0.0329396738283,-1.10816830487,-0.84036401129,-0.601338329675,-1.48890477381,-0.519699860651,-0.575629888809,-0.769257551902,-1.11109644682,-0.734073696348,-1.26564207946
actb,0.0,-0.477870055532,0.16144089999,-0.0487114606854,0.299456096681,-0.00946205774625,0.132809694135,0.13656137358,0.205144906581,0.169546340834,1.04658232441,-0.0906419471641,0.232849953268,0.390366088384,0.384685153546,0.806696799135,0.616020584282,0.469468817993,0.322181512322,0.35251447661,0.717950928521,0.558613066175,0.392405378669,0.230305944653,0.317294988501,0.214797883757,0.219293074892,0.347345773765,0.566964674965,-0.0388540932641,-0.0549002101791,-0.0764835726405,0.127969631892,0.127501889706,0.13976758628,0.212974593194,0.181346049732,-0.104779566398,0.00525864986471,0.0288888298721
PRSS35,0.0,0.828181111524,0.157534709565,1.12489589306,1.47765168262,1.12908166497,2.43553177922,2.47175836831,2.87121907139,2.50085252606,2.74286712845,2.84503123037,2.73565085723,2.85580554418,2.93790371358,2.68475209165,3.12078552342,2.4821581879,2.19831779583,1.61219286919,1.8477852746,1.88167107978,2.23259997207,1.69010357082,1.20803712836,0.052916279211,1.42734064446,-0.353213783814,0.230125887668,-0.524812357335,-1.89905564895,-0.457623431734,-1.38519298835,-1.77719951897,-1.71272862878,-1.20052964606,-1.71335303694,-2.06844799577,-1.71710517181,-1.66725662235
LFNG (Lunatic Fringe) (PMID 19897741),0.0,0.316398369775,0.00853886518208,-0.142927116059,0.0743864467957,-0.420369116139,-0.263267032069,0.393520236991,0.584786272169,0.0647140365221,0.310868677145,0.38366693804,0.0204715483626,0.734150413355,0.589080115328,0.609320472556,0.36785865573,-0.105476357872,-0.276268966172,-0.558665236172,0.0474250831811,-0.236861731729,0.0783975567428,0.500452688569,-0.168366316311,0.644646838521,0.608904570461,0.627365587782,0.674300324212,0.908560173807,0.40018545095,0.564911192206,1.47070067395,0.653680988117,1.07729561276,0.268925656912,1.0331848861,0.733302666803,0.392795648937,0.483159388982
P-63,0.0,-0.416813124169,-0.0685120962669,0.131200980804,-0.196098049366,-0.225930815646,0.0786178495727,-0.41709862931,-0.417955483894,-0.54246557809,-0.959964034992,-0.572010079806,-0.988308573806,-0.942042577485,-0.680980867556,-1.18259730875,-0.715641984694,-0.657427892869,-1.34287865468,-0.70307296764,-1.67512836047,-1.41157887111,-0.899172085171,-0.951602966586,-1.68103500144,-0.997155300554,-0.680980867556,-1.01353548927,-1.31617703143,-1.17515677949,-0.84505785473,-1.1467690368,-0.612253430334,-1.11473083125,-1.00983653104,-1.4047087395,-1.02523927767,-1.0442393719,-0.887465057941,-1.00440741635
Dnmt3a,0.0,-0.677072858203,-0.0863606159034,-0.769776498271,-0.43519958176,0.112469630306,-0.511793286545,-0.628021951837,-0.554588851678,-0.983069264121,-0.317676747276,-0.688531973578,-0.663279481835,-0.288113578766,-0.61203537933,-0.369828809072,0.0566933475824,-0.867297462514,-0.0697826811927,-0.0260341464442,-0.209953786228,-0.127878304762,-0.589610016952,-0.17718373113,-0.330827649365,-0.29085563496,-0.578450571856,-0.135923716592,-0.0408546989593,-0.285003918897,-0.794031903276,-1.08257614108,-0.681645587992,-0.931393975934,-1.04505713432,-1.13402005538,-0.893011955874,-1.43920381041,-1.66247219904,-1.69479096405
EPHA3,0.0,0.386630775701,0.306622823744,0.284344073914,0.274217102103,0.0143147313093,0.295487640315,-0.682403724195,-1.09276011815,-0.413165043757,-0.681639463414,-1.01176623503,-0.733286461327,-0.829387091256,-0.826174148971,-1.98738422281,-1.16718854511,-2.40405964511,-2.75836910646,0.0982330429708,-2.56499899539,-1.95858546535,-1.93617207746,-1.75740247658,-0.739317538488,-1.86607792659,-1.7108138768,-2.09846086804,-1.40582564433,-1.36967847812,-2.06698263657,-1.89909941536,-1.92491373304,-2.49619447123,-2.02915995593,-2.00563199229,-2.58315347849,-1.99762017854,-1.87373888857,-2.48495054872
PDPn(Podoplanin),0.0,-0.313604768864,0.478576693339,0.0978278395979,-0.0747357644992,-0.344820326057,0.0589471707329,-0.0537280045779,0.461037905356,-0.0937533209569,0.0948284604901,-0.0393818720249,-0.36371659206,-0.204486612846,0.377019508205,0.203873485016,0.338941832258,-0.0310470809485,-0.0956173451581,-0.0680624807075,0.456606157158,0.157607872645,0.762192580682,0.644099812481,0.801314883876,1.07518488493,0.813834672896,1.2639069494,1.5410314057,0.549062485045,1.06362804254,0.924736080299,1.4851721253,1.04562261713,1.05267632145,0.986135809759,1.48109342899,0.853964208196,0.882005850489,0.327177661715
PDGFRA (platelet-derived growth factor receptor alpha) (PMID 23748534) (Most important),0.0,0.0773313109323,0.240479902354,-0.149452736387,-0.35299811737,-0.66629749187,0.16240611085,0.133355687928,0.719997158197,-0.107800215061,0.326894654172,-0.0120870679723,0.152814219741,0.331058825378,0.797706205251,1.16065236487,1.02334823783,0.995445668151,0.873196002558,0.89575026839,1.29017921175,1.19801253253,1.01441620286,1.10710624802,1.45020248915,1.28828217658,1.35602678322,1.71880583274,2.27113260821,1.90418354293,1.95236881517,1.92869983999,1.28352864661,1.90905852154,1.62120749597,1.94994777912,1.50843037618,1.25900172307,1.15977469178,1.15933565493
TTF-1,0.0,1.3132149761,0.391239522558,0.754903556743,0.27094528884,-0.121776352103,0.0860699459317,0.577574523105,0.0463237671389,0.433643174118,-0.515651073051,0.23670025802,-0.481842102597,0.516583101031,0.488247854212,0.276324070109,0.507951826253,0.463940597604,0.281040865944,0.324890028585,0.801957349394,0.484906562094,0.385477080328,0.521966636287,0.94445643927,0.255994947374,0.631622051649,0.564795608276,0.18341508576,0.912894732187,0.762026978873,0.706688228934,0.836886143121,0.291278839417,0.603996033756,0.433835726009,0.756957069354,0.259692773099,0.3625989775,0.0553626100494
PTGS2,0.0,-1.85251882091,-0.666217990518,-1.6975543271,-1.45425342274,0.0102246710105,-0.901087721183,-1.94080535333,-3.16378150724,-0.826810380048,-2.06220380215,-2.84922875098,-2.50836480779,-0.771918262035,-1.26153024519,-1.45863376238,-2.79916939632,-1.66224312377,-1.197899139,0.135076158196,-0.596638744268,-2.33268513162,-1.65289129071,-1.92167349315,-1.09787532637,-1.42395787754,-2.03484884325,-0.518781423737,-1.66007962168,-1.69804747188,-1.08863192743,-0.931207709559,-0.125468695613,-0.466804132959,-1.50642003773,-0.518454763475,-1.09494995523,-1.36110496802,-0.0973873523945,-0.352636538441
Cdh11,0.0,-1.03032215313,-0.00295386092215,0.233663773261,0.198344837835,-0.0711537645334,0.834405645385,0.560047756623,0.986417106135,0.612070554615,0.133676528056,0.821743463938,0.507315445509,0.451152188578,0.764518269962,0.0450600896536,0.479750823135,0.740598174833,-0.147210882582,0.322743489588,-0.675560905071,-0.330111657471,0.00704489171887,-0.253530259988,-0.821322762223,-0.715671908842,0.0713000270798,-0.771203855417,-0.856699897005,-0.727920454563,-0.568798904996,-1.06361501223,-0.656307852439,-1.05153813741,-1.14772501599,-1.18270904114,-1.0395274432,-1.0280891405,-1.15180785763,-1.42571986417
Eln,0.0,-0.453091038869,0.662321939277,-0.503513115302,-0.799652936461,-0.616874713016,-0.936132458652,0.316330746198,-0.457399241305,-1.13011209339,0.35532114517,-0.0679866414997,-0.469719923423,0.796229591512,1.13900238379,1.11560221179,1.71900855223,1.23338707276,1.58603518094,1.5177995647,1.34049506043,1.45732975497,1.82031627383,2.18111521636,1.40039679756,2.1539105628,1.78505672262,1.11773687826,1.71019802799,0.336992909319,0.174376190366,0.151939527487,0.101488107612,0.144612758641,-0.0476256235042,-0.435216175413,0.0773302870183,-1.02181189046,-1.35842019114,-1.62177271026
Claudin 1,0.0,-0.131251688031,0.0394227796415,-0.177910279744,-0.974681072391,-0.105967787885,-1.02883361543,-1.38284530931,-1.36184048095,-1.01662283546,-1.19122913552,-1.66687679644,-2.14497521004,-0.649174794704,-1.14530751341,-2.14963443683,-1.1843835946,-1.93220301378,-0.779196804795,0.270228412218,-1.45845532774,-1.20987600405,-1.39504326722,-0.702375477659,-0.683430725098,-0.803378796342,-0.198624500909,-1.16235728827,-1.89988347892,-0.977636810038,-1.07019401685,-0.886211186867,-0.920211416595,-1.40336538778,-0.914819218761,-1.29027476319,-1.27783450569,-1.48050704392,-1.07905464158,-1.41935109195
SFTP-D,0.0,-1.51308311768,0.472966064036,0.177181234924,-0.322691353532,-0.64454750548,-0.821370990739,-0.702024226857,-1.44352923121,-1.91578532162,-0.927373913695,-1.2600569907,-1.34454955988,-0.807233108823,-0.757028525313,-0.339959453234,-0.79359604593,-1.02519143119,-0.841118410181,-0.909644286959,-0.889482120601,-1.14807266594,-0.12151646604,-0.815320444927,-0.958888865451,-0.439632189368,-1.04208015794,-0.172203280328,-0.145128488697,-0.251685085376,-0.0866458743291,-0.257700512017,0.769241062889,0.211696663818,-0.0295367144932,-0.28574868147,0.150522240412,0.134544858264,0.219000726557,0.0904764877354
