0.5,1.0,1.5,2.0,2.5,3.0,3.5,4.0,4.5,5.0,5.5,6.0,6.5,7.0,8.0,8.5,9.0,9.5,10.0,10.5,11.0,11.5,12.0,12.5,13.0,13.5,14.0,15.0,16.0,17.0,18.0,19.0,20.0,21.0,22.0,23.0,24.0,25.0,26.0,27.0
ipo8,0.0,0.397604681282,0.502294177425,0.297590347819,0.081012030409,0.334772581019,-0.0522030425692,0.389106007927,0.666669717178,0.318315214804,0.362195061176,0.104261194396,-0.379524396227,0.294771482051,0.530065348983,0.247374061662,0.408109192961,0.109804929551,0.0816254472476,0.737043470339,0.257616030048,0.0158773570498,0.0939609466639,0.348090175787,-0.157566238188,0.216204535363,0.48254988136,0.168496526106,0.0768338646787,0.57919665503,0.255660422343,0.676935733002,0.395435362925,-0.11547721742,0.115327443733,0.226558450916,0.0598746217575,0.155852926834,0.165953516803,0.263358862158
ABCD1,0.0,-0.572814733318,1.20940814835,-0.291645941654,-0.438840867469,-0.0213486806625,-0.663313599247,-0.0650178142948,-0.0787927624019,-0.690955697179,0.0173228035892,-0.599816995657,-0.331088982184,0.216164951059,-0.225276602884,0.291039398085,-0.261919494618,-0.158555093033,0.187967006439,0.425110043308,-0.285345581507,0.052163656356,-0.484534829281,0.097694184282,-0.253252631432,-0.0505065770768,0.147380969087,-0.379780883096,0.603891536927,0.397433603008,-0.176247489011,-0.103145130098,-0.0278722317248,-0.152188995776,-0.265099265731,-0.0701314280774,-0.0805607712517,-0.066185043356,-0.537175650021,-0.0935928002884
AMACR,0.0,0.0895515849783,-2.15016174662,-1.10190657801,-2.38735116989,0.743489145229,-0.331435180632,-2.73933649863,-0.552635784436,-1.39605336369,-1.22128733125,-2.26388748265,-0.535366066121,-0.38859113132,-0.666087516598,-0.640011760825,-0.91312254932,-0.442299579283,0.162906371346,1.19015552592,-0.250862080754,-1.89450687115,-2.88923192911,-2.09852076317,-0.171880716259,-1.95384101054,-1.33262798354,-1.42374993062,-0.605000253958,0.432345102374,-2.22571277963,-1.23349013022,-2.33382177347,-3.26844576462,-1.58212254894,-0.395430034646,-1.50613732234,-2.35790739199,-2.5666019636,-2.29377705457
VIM,0.0,-0.0219584117326,0.226759897202,0.015187982487,-0.0423918995129,-1.14559796401,-0.181891646854,0.344827705589,0.754186477161,-0.0680530190561,0.227243923509,0.696351020916,0.73245758889,0.674159704264,0.509284032964,0.755913545879,0.862766911107,0.517707469557,0.22480652898,0.41651696183,0.608936108937,0.396463649753,0.692715035434,0.752641734087,-0.364317641993,0.85115389515,0.488939053254,-0.0433237545154,0.00463423087981,0.668464231488,0.65015328688,0.162779327206,0.691244490408,0.286420770724,0.403139951767,-0.0838091775799,0.311759220617,0.408182066068,0.642833560945,0.625626143531
Tnc,0.0,-0.773643610231,0.646637973961,0.268581567258,0.75207156868,0.685892997248,1.3462880337,1.51347130128,1.87080096624,1.46157151835,1.78114501476,1.34928845641,0.9920476768,1.65011723162,2.12369825056,2.42786907757,2.16146065827,1.94784367244,1.5054242114,1.14793815852,1.3412656923,1.1559614128,1.7398998106,1.31122053887,0.444610997775,0.112568716671,0.593766769626,-0.47969306847,-1.08418058269,-1.72588604128,-1.94371926118,-2.15259718333,-1.44793434802,-1.92396830498,-2.35214301875,-2.31834915092,-2.19460174176,-2.46388835691,-1.67098132848,-1.90009232878
KLra4,0.0,0.62977029608,-0.481790542848,-0.659681854101,-0.0287284490869,2.00737662788,-0.922476629498,-1.85712791831,0.526132019845,1.11477688001,-1.3924596513,-2.37760169258,0.764463504405,0.746943405362,-1.3454430248,-0.635913688168,-0.759517121681,-0.342554745477,1.16181140513,2.86908050785,0.462324862777,-0.873710802503,-2.03687600224,1.49377338845,0.0925404061428,-1.91602160736,0.278500757822,-1.00684283516,1.85121699792,0.0861236644709,-1.02756826001,0.903549264407,-1.38947579286,-0.199814573361,-0.970717128147,0.952580503523,-1.04389642991,-1.4226426568,-0.775009297834,-1.1384140287
Wif1,0.0,1.05085090574,0.0250488209359,0.417887469244,0.676032759839,1.52618201305,1.25109855559,1.04335636919,1.7357424529,0.445882290632,0.603856812474,0.795428855751,1.21046635503,1.82793382032,1.50623528945,1.85702506518,1.87824319342,1.3509766274,1.16938151112,2.97264073702,1.92964123736,1.46401841767,1.16466266542,1.09004960464,0.888626312572,0.828851857288,1.03741200545,1.0965439399,1.46313178748,0.568018359648,-0.225384154985,0.0629958644338,-1.28968775789,0.320297009308,-0.346590149122,-0.567946523706,-0.10741688002,-0.977356339456,-0.519238318498,-0.906890595609
THTPA,0.0,-0.132798882548,0.031442122823,-0.435820306217,0.179866783314,-0.213912905911,0.199304310869,-0.106743623024,0.141705280791,-0.470171811008,-0.0867659207784,-0.328285590404,-0.850983536033,0.0753290856145,-0.170901256039,-0.229683775639,-0.41336545539,-0.72235449457,0.112858077179,-0.159644800696,-1.61767551774,-0.269966152936,-0.368217579788,0.0315785285377,-0.30760455086,-0.259580981825,-0.248938646497,-0.167765642892,-0.65078268354,0.13435685774,-0.770534556061,-0.223322172636,-0.612976876891,-0.449843723216,-0.328460642888,-0.375795535145,-0.596018761675,-0.553043014311,-0.788964921706,-0.932987202444
ITgam (CD11b),0.0,-0.465482658807,-0.791162888555,-0.381064922243,-0.910558984467,-2.06097582702,-0.254915672867,-0.65844896621,-1.38531231012,0.202954794559,-0.177066565623,-0.0677863591368,-0.554749996904,-0.0385034872837,-1.20933463856,-0.762796334905,-0.534561041546,-0.362104918961,0.220297341441,1.1232222436,0.394744942081,-0.949860634574,-0.883771444116,-0.685254379984,-0.415399394437,-1.86437273551,0.0220838721907,-1.22637826977,-0.131464244512,-0.881269804785,-0.644382098568,-0.082653740438,-0.371904922958,-0.488904773808,-1.04241096318,0.000271361806667,-0.272181959385,-0.250389059881,-0.482823858416,0.463668900926
Aqp5(Aquaporin),0.0,0.238954496476,0.239433351712,-0.293155777422,0.204346767713,0.260960484221,-0.402263978454,-0.210347378728,0.399552760062,-0.1642065471,1.09611776789,0.0154601045455,0.858727267277,0.727950669803,0.739788873034,1.5950631345,1.03014754787,1.08765898856,0.718444016497,0.345062127318,1.33075222099,1.17049637701,0.67609231737,0.966492656271,1.34875069305,1.03848158475,0.470615257936,1.17616020348,2.00911340459,0.570248820959,0.845042237915,0.825847408468,1.38309123239,1.05935256548,1.06884090216,1.28910320736,1.5825677978,1.15395456884,0.880872573019,0.631730255383
GUCY1A2  sGC(soluble guanylate cyclase) (PMID 23934926),0.0,0.74808538861,-0.185246207746,-0.109833185965,-0.535938532248,-1.30758865561,-0.324389202213,-0.413284852242,-0.0184166539939,-0.416944968474,0.403958116379,0.29798680188,-0.732854047568,0.577956082835,-0.235259352029,0.398935824987,0.426770033184,-0.202514798522,-0.186286925584,1.72446788707,0.0260687318546,0.292020621071,0.54028242171,0.465718785615,-0.0016021045965,0.631109267116,0.700034958583,0.816183554563,0.785856894927,0.640530982502,0.389013177446,-0.185766472822,0.522875557642,-0.233106878611,0.215677857926,0.285654402903,0.427280450681,0.0516747639659,-0.0205033165301,-0.150047378628
kcne1L,0.0,0.886239255169,-1.37851162325,-0.144156293426,-1.33227003911,0.748838654861,-0.749171657758,-1.7722724629,-0.268625761533,-0.52731228466,-0.462089575688,-1.54432051622,-0.534183364679,0.0952876555018,-0.267862026713,-0.0169036613044,-0.60234746146,-1.37193147483,0.284800462314,1.02576870802,0.204250808355,-1.27743789514,-1.87320137175,-0.95504870345,0.230432760169,-2.17151125233,-0.0136990952581,-1.08421646922,0.256944282825,-1.04770740008,-2.27513388341,-1.04967515902,-0.986743903298,-2.8478700818,-0.978598372199,0.108974726095,-1.48276584571,-2.44429169789,-1.2432582092,-1.54802448499
ppia,0.0,0.242056759769,0.221510524198,0.364400350442,0.189894015654,0.0484851901466,0.519046692615,0.308026870582,0.415180922778,0.0867101471996,0.17172774094,0.192148800149,-0.0666247318875,0.0377801548085,0.3517399292,0.199006909561,0.0991407330102,0.00316750010737,-0.264275420558,-0.11882393439,-0.288454315007,-0.396166590845,-0.027654742283,-0.417670754665,-0.804150676401,-0.499998290176,0.0154002654165,-0.257614393652,-0.54044856714,-0.371714318777,-0.262535198564,-0.624704088355,-0.200764235937,-0.349930613566,-0.265374609736,-0.606564362543,-0.239423832175,-0.241658793988,0.044243280247,-0.0372254065777
CTPS2,0.0,-1.1012449685,-0.754711660242,-0.681269450916,-1.27381330671,0.231108427748,-0.719795537491,-0.962888067566,-0.938417101162,-0.411212893636,-0.891121049737,-1.37437525207,-1.47181382712,-0.687465597006,-0.888369610431,-0.773961155012,-1.1037623222,-0.663994443493,-0.659790135093,-1.40965473921,-0.833161145791,-0.813110908767,-1.07713436517,-0.678181328681,-0.853352755961,-1.31677895073,-0.482147973393,-0.716966470634,-0.00933075943975,-0.607887287936,-1.08656431874,-0.727539490818,-0.845888216717,-0.803530316414,-0.719152080436,-0.529872237793,-0.823446925473,-1.03937640077,-1.13140457736,-1.08639834865
