0.5,1.0,1.5,2.0,2.5,3.0,3.5,4.0,4.5,5.0,5.5,6.0,6.5,7.0,8.0,8.5,9.0,9.5,10.0,10.5,11.0,11.5,12.0,12.5,13.0,13.5,14.0,15.0,16.0,17.0,18.0,19.0,20.0,21.0,22.0,23.0,24.0,25.0,26.0,27.0
ywhaz,0.0,0.354422959596,0.41167436863,0.368013872705,0.353057369101,0.302431296031,0.334113623679,0.646642952707,0.633288847084,0.204990116296,0.339726390158,0.35211777526,0.240467705192,0.393533940886,0.685789415097,0.806541376595,0.493682779788,0.0768367636583,0.106781203083,0.373558272998,0.310087489,0.340295082554,0.650275001751,0.393207329508,0.192808666738,0.54580491118,0.607392843213,0.653260066249,0.207995869894,0.471373302119,0.561793743734,0.2160746292,0.568928369492,0.376585753909,0.224705867692,0.172184520003,0.597205707322,0.292848077261,0.425367095688,0.640261282269
CD68,0.0,-0.000204159774046,0.352829022997,1.19996719129,0.539968579792,1.69869557724,0.360640750686,0.737904357187,0.181064512148,0.0418493390183,0.230970138241,0.542073168117,0.41018088234,0.157341810865,0.23704538351,-0.0506916927038,0.0228859350457,0.0681809247029,0.0440290860781,0.390537344325,-0.223209233837,-0.182560629787,0.904861325507,0.222946423703,0.420742274562,-0.0220106029286,0.867753834863,0.441335248629,0.54403468445,0.367777716468,0.449131998235,0.792433743915,0.637808997848,1.00733057632,0.655154150545,1.08116866008,0.997752651893,1.52465327691,1.25921865136,1.14413227437
MMP-3,0.0,0.732971050661,-0.997153510999,-1.12182292829,-1.27122560586,-0.838719092967,-0.574081325696,-1.97644911723,-1.16376469137,-1.97769550612,-2.33848535941,-3.08777946477,-2.20404194446,-0.64112819242,-0.876581255093,-0.697514240115,-3.15105363962,-1.49209055745,-0.418735771083,0.023550882766,-0.0814010469814,-2.26817228188,-1.7941190949,-1.47791162228,-0.287362442997,-0.642116001456,-0.91069467175,-1.26740995952,0.765180868454,-1.03622555383,-1.18304375386,-1.29045669628,-1.33050141518,-1.15105363962,-1.62151272993,-0.859822341952,-0.290069551494,-1.1787371983,-0.591149228174,-1.02136892559
MUC5Ac,0.0,1.2654053103,0.975108824458,1.66296501272,-0.23670025802,0.745293953925,-0.0941221773646,2.26303440583,-0.733805253273,0.853260301816,0.795373240921,0.127111917903,0.379971102428,0.720931242368,0.334026237405,0.613779773142,-0.0210336998722,1.09192248944,0.558138712645,2.60756392966,2.14953321261,-0.135227380694,-0.203533394085,1.29742313138,1.13836612171,0.24071602641,1.21641401932,-0.00380157015986,0.913960168933,0.782187817464,-0.908077510559,0.785495488094,0.931981576571,0.901819606061,-0.0326372077924,0.0169841796309,-0.575502171472,-0.841935153768,-0.321928094887,-0.243426121209
Chi3l3/Chi3l4,0.0,-0.0475613270301,-0.518793784194,-0.397427423979,-0.413435538923,-0.800871471271,-0.493872963598,-2.30654506219,-1.37635588508,-1.5901703217,-1.68685796371,-0.93557021873,-0.726735049232,-0.984788420749,0.585352330503,-0.115769658898,2.04557116285,-0.0977173684333,2.03552564333,0.738861775457,1.14426922639,-0.705598628403,3.83644928245,2.41278579634,4.11389933032,0.798658521041,1.21023643044,1.04125194937,1.99850467592,2.74964586539,2.59710590724,3.80350666714,2.53637104509,3.12604521863,3.15601006403,3.23973041894,2.93213214401,3.77504399122,3.56754044914,3.03073099703
POS_F,0.0,0.639252656222,0.202188850613,0.12623999738,0.0501857571682,0.369645596465,-0.377235466566,0.427748551028,0.319372389984,0.319372389984,0.235103473086,0.687615677784,0.277853120545,0.245910228043,0.168505724357,0.455945442859,-0.078711976014,-0.2054691183,0.0624640869467,-0.0652914602517,-0.119739244274,0.256636634636,0.734409889262,0.465223256447,0.235103473086,0.639252656222,0.288345494363,-0.147753620444,0.0867116331933,0.379493382421,0.256636634636,0.339692374363,0.483601785762,0.764783538306,0.679666924668,0.606085792287,0.914530657811,0.779733879772,0.427748551028,0.224215156943
FOXF2,0.0,0.871959079594,0.465766407143,0.562447980695,0.587693702888,1.39759780699,1.02939733537,1.64332921783,1.91424476593,1.41410522458,2.27766444592,1.74143214585,1.24982291572,2.04798699691,2.64539623043,2.4028236893,2.69839270415,2.05725248246,1.53180456483,2.76165544938,2.63575139216,2.31014970485,2.73875387458,2.56959659454,2.15808536123,2.85852079604,1.60274633196,1.32197779929,1.82776651811,1.81235228615,1.20664968479,1.04850776037,1.5532186628,1.72994007472,1.27633122845,0.844125753188,1.80604068474,1.32376601813,0.49091944004,1.00793100113
MMP7,0.0,0.958570851558,-0.882405627319,-0.748727192087,-1.73601614034,-0.253756592246,-1.18304375386,-1.43447983428,-0.945024664489,0.39687813016,-1.13427792687,-2.63816881694,-1.00095007909,-0.319397605239,0.445114315813,-1.21355505808,-1.5660911389,-0.139499412988,-0.440911833526,0.608513383487,0.820187367402,-1.797416685,-1.40903481772,-0.371689461392,-0.16802671822,-1.17230137332,-1.46561834609,-0.130114301924,-0.0850903772378,-0.638168816939,-2.13845360284,-1.45777048427,-1.06906026742,-1.6801629056,-1.03168775396,-0.439623137557,-2.01815936912,-1.29511055529,-1.99525896701,-0.991477326466
NEG_F,0.0,0.106915203917,-0.308122295362,-0.0759488532333,-0.530514716699,-0.700439718141,-0.176877762084,0.206450877467,-0.241008099504,0.547487795302,0.299560281859,-0.241008099504,-0.530514716699,0.0721497857558,-0.308122295362,0.0544477840224,-0.893084796083,-0.176877762084,-0.793549122533,-0.378511623254,-0.893084796083,0.106915203917,0.0,0.157541276986,0.343954401217,-0.241008099504,-0.176877762084,-0.11547721742,-0.11547721742,0.253756592246,-0.241008099504,0.206450877467,0.106915203917,0.469485283301,0.509013647488,0.547487795302,-0.176877762084,0.0,0.157541276986,-0.241008099504
KRT5,0.0,1.53405373141,-1.14684138833,-0.836456041458,-0.866733469137,-0.253756592246,-0.889426054997,-0.437049193893,-0.945024664489,-0.145790244355,-1.00475666452,-2.37908159562,-0.619079443743,-0.319397605239,-0.90712805673,-0.0394756003559,-1.02008424604,-0.60312186984,2.43671839469,0.608513383487,0.201757738415,-1.13427792687,-1.84780696579,-0.112551739394,-0.16802671822,-1.17230137332,-0.787546440977,-1.00285211633,0.760329587232,-0.510914431743,-1.03168775396,-1.45777048427,-0.844392301382,-1.6801629056,0.0503968009136,-1.62932694019,-0.115635520491,-1.26512540632,-1.32097864106,-1.39898115306
ABCG2,0.0,0.745632852605,0.55228103113,0.589752403015,-0.204252819541,-0.399771746013,0.47332481444,0.897806487459,0.274427910585,-0.124777170428,-0.433359814284,1.05553827652,-1.07121886576,-0.444731887104,0.444195283506,0.170020320067,-0.0927091084821,-0.204911885355,-0.370270806555,0.461743484717,-0.581249733052,-0.514777448234,0.892732795828,-0.526263281192,-0.488060109858,0.0645902952578,-0.193748508902,0.137633502131,0.766123378393,-0.105881699571,0.561223786065,-0.852522248584,0.825743276549,0.493371091027,0.459665571293,-0.419907118852,0.642242443165,0.42643100403,0.445035770008,0.390886887172
Src,0.0,0.135576179568,0.41586039379,-0.661542138442,-0.258974580801,0.338608810556,-0.646076767968,0.459093217526,-0.257947142152,-0.298569563489,0.0593173594564,0.185649439946,-0.199902749951,0.702896918006,0.477099974283,0.622082339044,0.359066535308,0.525937582197,0.0960767735319,1.20030130146,-0.977275449978,0.608438405511,0.642492729973,0.685941705664,-0.28141733986,0.806495748807,0.266775385879,0.44927110862,1.05132685848,0.615556826958,0.513054953401,0.220714511873,0.787877944654,0.542642606761,0.413282809469,0.31337085314,0.654910941176,0.0691754259943,0.0822155979988,-0.295579520884
Col1a1,0.0,-0.0232534171489,0.434409326244,0.306486312956,0.654159527736,1.00744271764,1.20866402584,1.73919626093,1.01567442554,0.742086970136,1.75573012255,0.592405218363,0.805181491505,1.01405023468,1.27202415063,1.19753561849,1.22213142857,1.52601935692,1.32481091243,1.14515344752,0.783229196261,1.05674577435,0.936310458204,1.12343165003,0.0340711763804,0.856572050029,0.850248526395,0.189433021713,-0.182353685534,-0.415708508236,-0.386637335018,-0.730298296788,-0.20953851486,-0.616815859086,-0.0591097972902,-0.74943006346,-0.394226746223,-0.797457744478,-0.612619942292,-0.829562489153
IGF1,0.0,0.375418669813,-0.0797827045833,0.748534462647,0.386671873222,-0.060409731254,1.07855946268,0.656953416854,0.53095304502,-0.170332139879,0.595777356769,0.861084571479,1.0064986373,1.09122542521,0.479327120468,0.512237351894,0.666388996864,0.895775283115,1.35051853221,1.97108071566,-0.0202237509478,-0.217200185469,0.65781375145,0.633703228092,0.152817025789,-0.395271782896,-0.00707338227479,-0.442434734324,0.830736353561,-0.0329396738283,-1.10816830487,-0.84036401129,-0.601338329675,-1.48890477381,-0.519699860651,-0.575629888809,-0.769257551902,-1.11109644682,-0.734073696348,-1.26564207946
