0.5,1.0,1.5,2.0,2.5,3.0,3.5,4.0,4.5,5.0,5.5,6.0,6.5,7.0,8.0,8.5,9.0,9.5,10.0,10.5,11.0,11.5,12.0,12.5,13.0,13.5,14.0,15.0,16.0,17.0,18.0,19.0,20.0,21.0,22.0,23.0,24.0,25.0,26.0,27.0
C/EBP,0.0,1.06603812372,-0.282553856553,-0.150525462869,-0.055215612612,-0.989772107325,-0.86094212698,-0.195091015303,-0.644034399279,-0.33913738492,-1.29509305221,-0.205573859178,-0.304921669582,-0.856461168765,0.72090999875,0.36661939713,-0.197050755302,-1.33913738492,-0.16026342675,-0.127502131592,-0.534257776665,-1.75995723679,-0.46729373641,-0.848567254473,0.095424126953,-0.9083168884,0.000570122529012,-0.51783534503,-0.337695410746,-0.404809606604,0.103408071186,-0.966185287008,-0.387549590105,-0.0954683039527,-0.241526588293,-1.17563865264,-0.103410325082,-0.314817705724,-0.0340423742529,-0.48394497696
Shisa3,0.0,1.20938380482,-0.144871615548,0.560060478618,0.368024869182,0.336891997532,1.16135239659,0.986496632093,1.51394391191,1.32347148177,1.4317408924,0.733472592103,0.545047501983,1.75475687012,1.25118984711,0.536003595032,0.500867732643,0.314071290121,0.406720578087,2.33609933904,0.519939328662,0.0150771040285,-0.277230710854,0.632129838547,-0.339912559155,-1.09729055101,0.364253115292,0.00085764098883,-0.554544170288,-0.35665863965,-0.637080449776,-0.115453387173,-0.991162200153,-0.997999630206,-0.674473234089,0.115103214296,-0.955233307276,-0.801290921117,-0.7284120412,-0.814809245292
MGAT4A,0.0,0.185861897461,-0.808201077531,-0.275352501037,-1.08268609423,-0.835112231633,-0.908239390806,-1.77019475495,-1.03857703211,-0.106850135585,-1.41348750202,-1.34688551771,-0.986947657573,-0.313038266953,-1.64851619836,-1.04336353792,-1.79126697857,-0.721958569298,-0.292776462316,1.24861743079,-1.01659021867,-1.67798731685,-1.76731224642,-0.689196069257,-1.77525304477,-1.60283682721,-0.428493591024,-1.36420239528,-0.671573077722,-0.748359727689,-1.19924614978,0.0786034262929,-0.690219378231,-1.1120975496,-0.246381917224,-0.434768668315,-0.849139333729,-1.57484715663,-0.829464194766,-1.75013710261
NEG_A,0.0,0.938599455336,-0.125530882084,0.152003093445,0.11547721742,0.874469117916,0.415037499279,0.584962500721,0.584962500721,0.0,-0.263034405834,0.584962500721,0.222392421336,0.874469117916,0.222392421336,0.415037499279,0.222392421336,0.0,0.0,-0.263034405834,0.0,0.321928094887,1.05889368905,0.222392421336,0.662965012722,0.736965594166,0.222392421336,0.874469117916,0.0,0.415037499279,0.662965012722,0.736965594166,0.415037499279,1.0,0.502500340529,0.321928094887,1.11547721742,0.736965594166,1.0,0.0
GUSB,0.0,-0.773610062105,-0.33036366884,-0.0823821469345,0.194016024975,-0.320024982337,0.101197260124,-0.210411535675,-0.463199930329,-0.308860912944,-0.61534193813,-0.485372417672,-0.793277095561,-0.443827937909,-0.604822384364,-0.569134565716,-0.431912384717,0.00759743360909,-0.304598554723,-1.19517349515,-0.0167831372079,-0.508664904233,-0.400810007857,-0.320024982337,-0.111281622512,-0.418881580779,-0.130113583245,-0.470343550652,-1.47348791143,-0.434483706922,-0.650639420339,-0.312910585893,-0.614369818414,-0.724535107387,-0.823610620144,-0.733252324489,-0.857386002732,-0.657489023905,-0.708738474583,-0.406448119795
INMT,0.0,-1.1131254615,0.220672909492,-1.30891338736,-3.15362304486,-4.8770947822,-4.05921468028,-5.49603156322,-4.26300102685,-4.44592504181,-4.55909568011,-4.4018362009,-4.97787060255,-4.73151964217,-4.53568063987,-4.04537015421,-4.06629461661,-2.7549870018,-3.46536221131,-1.60061991995,-1.29027854338,-0.872715627152,-2.44872584844,-0.828864434447,0.022988851706,0.580723947109,0.812354987541,1.12960980435,1.68172616606,2.46350026049,2.5915079607,2.30955045751,2.20290874701,2.23820467027,2.09941841304,2.35052367847,1.84371829374,2.2578872721,2.14657548842,2.12987675416
ITGax (CD11c),0.0,-0.676139057196,-1.69736594882,-0.726648071152,-1.01947225321,0.635356134508,-0.0163567606272,-0.903926491069,-0.690255559656,-1.25724361337,-0.875421851462,-0.863375900258,-0.494245283972,-0.0854129342199,-0.434806817258,-0.131537615055,-0.227603494481,0.92673957058,0.879495518,0.497060014476,0.432405758372,-0.494245283972,-0.0907083769989,-0.483757396991,1.46668636543,0.0373168995527,0.105092944645,-0.308038568646,1.34114102466,0.0325972981838,-0.0329010970588,-0.144598145527,-0.676139057196,0.322455492093,0.468117058665,0.468117058665,0.000878888264092,0.526959902944,0.487058622318,0.000878888264092
Hist1h2ab,0.0,2.00929275381,-1.07494134062,0.529857193725,0.385110082918,1.19380995087,3.03807883101,2.60527705225,3.30262313564,3.03593337151,1.60880499734,2.98839714559,2.9079433365,2.67904000211,2.2928398831,1.3452016033,2.3834732212,2.62192693236,1.84748607924,1.98149530264,1.01186348692,1.29389645427,1.68584416515,1.58461717248,0.776279771248,0.974395540551,1.73630508177,0.634096520239,0.207218936362,-0.0891957112072,-0.634957484206,-0.586128314959,-0.772179533945,-0.714949751114,-0.570084244149,-1.59158127247,-0.583021568045,0.046879612363,0.502728821128,-0.0148370486464
NME7,0.0,0.191754690306,0.580302659683,0.730056039905,0.156155718909,0.331183997837,-0.288842152579,0.357211550529,0.146152104004,0.215499221473,-0.464389154589,-0.413045022828,-0.443321843452,-0.361878500264,0.341786291964,0.0039822049283,-0.23824007783,1.10463471336,0.00256125037544,0.871072984301,-1.53568266077,-0.550207255316,-0.174811085012,-0.334443807643,-1.59812482365,-0.407745166285,-0.0634701865221,-0.683837099005,0.0226088080928,-0.159777877948,-0.249708838575,-0.681551097828,-0.34489685929,-0.611988666467,-0.317661866916,-0.974869731829,-0.560672229686,-0.389720631477,-0.198802521713,-0.344173522579
EPHA7,0.0,0.99726953336,0.231984304961,0.0920415762768,0.28317439999,0.330159383804,0.300997635103,0.316890514438,0.47764581314,0.0757785404753,-0.131278420439,0.059937023996,0.339750430936,0.513924660365,0.726729450778,-0.1180888606,0.0883276910953,0.624272874127,0.159078215953,0.19205193768,0.481388656147,-0.5372512949,-0.446208789202,-0.523547130674,0.218795945394,-0.589476494651,0.119449528346,0.137460394498,0.175554268111,-0.101451547211,-0.237454369878,0.284538282229,-0.483530415407,-0.409828353475,-0.336410892444,0.491041091629,-0.578808254955,-0.469010946608,-0.402284832807,-0.715461717771
Robo1,0.0,-0.166758518356,-0.187551721937,-0.422985598791,-0.625850636199,0.358984297368,0.0706428102852,-0.0341824190369,0.553618539133,0.460320077889,-0.239055968362,-0.0607904588954,-0.322896346629,-0.0927072330524,0.357322989103,-0.223602837584,0.113323835189,0.191943160216,-0.13952791061,-0.686089216889,-0.956993910032,-0.64691444824,-0.506781697414,-0.600092827321,-0.357077193626,-0.452792421274,-0.101853645483,-0.952678673582,-0.949497426337,-0.684066128749,-0.820481471284,-1.62093006543,-0.946882832667,-1.47387741562,-1.57926300505,-1.54609614111,-1.61914491976,-1.631987544,-1.09016346359,-1.59555167048
Vegf,0.0,-0.511675370105,0.520402128326,0.0851597220545,0.282961610521,-0.56627743154,-0.42520536166,0.833545453809,0.83907745717,-0.184516313533,0.148834604614,0.583963213732,0.00140598667684,0.975782514964,1.32871306838,0.918136720321,1.65494695315,0.694929544725,0.673634836586,1.04379166368,0.888115258086,0.672464915321,0.929982169162,1.32192809489,1.01850393986,1.45241458118,0.52493606408,1.16307929084,1.01446791923,1.35140955652,1.68120675144,1.38913069154,1.9636764071,1.6220142539,1.74108797541,1.61381463846,1.66975703462,1.81041838694,1.93322068718,1.54446205019
RAGE,0.0,0.0266072548014,-0.0684479957668,-0.222434745244,-0.659715073342,0.236121259526,-0.962959987662,-0.884215157641,-0.730315029023,-1.41383178957,-0.194196758247,-2.19180188175,-1.21372109769,-0.720030260508,-0.721809105027,-0.928115017156,-1.63318268826,-1.06565478088,-0.965933085141,0.290389364742,-2.11636628033,-2.39517707692,-2.3733025773,-2.43067575814,-0.689813480138,-2.6179034941,-0.610614931355,-1.20798998685,-0.47843506045,-1.54162492653,-2.43375953924,-1.4534447321,-1.57755381941,-1.99980955778,-1.76614433046,-2.43788152787,-1.91405038718,-1.90975024975,-1.66122023262,-2.51743282697
ERB,0.0,1.34289163329,-0.448163282174,0.466492703414,-0.0396755808553,1.98586686251,0.0242543404995,-0.929591260043,0.516935643003,-0.613576495789,0.314161761987,-0.823341761763,-0.399494707165,0.972425186019,0.194936323261,-0.25239315659,-0.844413985382,-0.824063289681,0.934748172439,0.388293491564,-0.0697372254831,-1.41408661508,-0.588227441387,0.170513717939,1.2403337414,-0.585778043445,-0.548930992445,0.277972139323,1.6230468194,1.00772474884,0.335318413583,0.18277669962,0.215094419893,0.0366277864579,0.5299815294,0.939857323563,-0.0943328914253,-0.0147507736232,0.235667338277,0.118140202106
