0.5,1.0,1.5,2.0,2.5,3.0,3.5,4.0,4.5,5.0,5.5,6.0,6.5,7.0,8.0,8.5,9.0,9.5,10.0,10.5,11.0,11.5,12.0,12.5,13.0,13.5,14.0,15.0,16.0,17.0,18.0,19.0,20.0,21.0,22.0,23.0,24.0,25.0,26.0,27.0
ATP1B1,0.0,0.311952342274,0.528111953669,-0.649400406716,-0.773350173445,-0.730939911998,-1.56080362175,-1.27276843657,-1.76039862753,-1.75725952279,-1.58106652564,-1.38899292525,-1.78877369581,-1.37874080522,-1.07290686836,-1.55045822817,-1.24269557261,-1.99460836997,-1.96650827596,-0.705803652258,-1.65577611678,-1.91518749236,-1.49235106783,-1.66508997927,-1.81502772231,-0.954827330763,-1.6885532071,-0.98296821174,-0.788962234111,-0.755278020063,-0.148122233907,-0.540662629281,0.00109084352926,-0.849023052074,-0.225369162906,-0.978983458795,-0.363919190659,-0.497888070517,0.032104978728,-0.461031877951
KRT18,0.0,-0.344890725961,-0.345086364197,-0.836386850885,-1.10860339868,-0.614623205535,-1.62932003871,-1.51555929388,-1.71339764597,-2.01747991315,-1.43181081002,-2.11940515902,-2.00259000675,-1.34095750963,-1.44516996599,-1.40456060283,-1.70966466605,-1.4568770042,-1.98394742428,-2.01585939753,-1.42244988949,-1.68053847272,-2.1699404044,-1.69842335103,-2.68905581561,-1.71572302479,-1.90961176803,-1.93589109283,-1.18338035404,-1.91204435087,-2.04531088174,-1.59122966144,-1.21471146616,-1.52634485763,-1.14186604648,-1.46637961704,-1.60578267371,-1.60409596848,-1.66638851009,-2.07252266254
Claudin 7,0.0,0.193835836115,0.277742887276,0.140964821993,-0.154122426617,0.510550308707,-0.152003093445,0.207740515963,0.0940712469231,-0.209838282266,0.976125156497,-0.408406200407,-0.42898428199,0.477164828622,0.336399514161,1.0308958717,0.709882356138,-0.107569482277,0.803579878366,1.08276350471,0.16731614894,0.353713447552,0.0326169515821,0.374898108426,-0.0290266646241,0.465178143326,-0.105675145591,-0.0177020017335,0.651996722354,0.237270209052,-0.494191672832,-0.515620805612,0.128143156049,-0.129053948648,-0.373228494321,0.306717487701,0.349577014209,-0.394463267327,-0.134998577195,-0.579913117808
b2m,0.0,-0.301043863133,-0.356264908853,0.197738779538,0.21386558906,-0.241772781574,0.264318943364,0.707585301228,0.420825039739,0.663930224223,0.777118032746,1.19504780495,1.4144713794,0.657022037787,0.429832851034,0.917362794527,0.587599307902,0.322512744381,0.543259263735,0.600259308016,0.348371420397,0.630642202121,0.877230361038,0.532235352236,0.808245475721,1.09448818969,0.777133131358,1.24768917425,1.44882882246,1.50814063713,1.70252212219,1.7452346887,1.21669615184,1.68332298487,1.5868716515,1.7401162759,1.91187578758,2.09415795889,2.16358905984,2.12541363263
FSP1 (S100a4),0.0,0.746659880202,-0.0971457861338,0.0487324141943,-0.549523340591,-0.0906222350715,-0.160933742163,-0.069273554409,-0.0883600706866,-0.686521290076,0.334286151396,0.310052896404,-0.574436906897,0.0321074493254,-0.00746062446536,-0.228139908509,-0.0834239178257,-0.531164506166,0.424573386649,0.578258577311,0.469795306949,0.0456458841365,0.826982189637,-0.109421686214,0.464604713556,0.0484754554188,0.00768661678446,0.143206145208,0.61281843249,0.463352332219,0.414439408325,0.405137151339,0.554930910446,0.58252427969,0.265424293251,0.251427142172,0.816004210155,1.01171234605,0.154114364573,1.39309551916
HIF1alpha,0.0,-0.0139814547694,-0.0829665240322,-0.18251836169,-0.361620414718,-0.0480340873698,0.0125770460511,-0.0237764173705,-0.0350878825763,-0.314230577908,-0.395294894969,-0.283545664664,-0.851446124887,-0.450110179894,-0.140915264408,-0.352248900737,-0.438940622067,-0.177385268931,-0.677607292244,-0.374026620891,-0.780460329179,-0.711229204537,-0.385702798262,-0.699515312563,-0.629838663859,-0.579524699107,-0.196323772653,-0.531987275718,-0.677521862485,-0.663325591332,-0.722730439972,-0.976083648511,-0.442492899282,-0.617944917421,-0.713154314964,-0.524630599309,-0.660114719001,-0.695617304978,-0.53519588617,-0.585844074254
Kcnma1,0.0,-2.08538225807,-0.986810845472,-1.08110443421,-1.38420123904,-1.58080433056,-0.0524253582011,-0.0910162207603,0.00302531181035,-0.2186747015,0.69088589515,-0.703661078341,-1.50578493661,-0.583827265221,0.175173232136,-0.534010119077,-0.593886220286,-0.413650110489,-1.76795957184,0.866428145898,0.134713243435,-3.12446442331,-2.04108550955,-1.4395994777,0.740670727731,-2.49934911163,-0.722276756509,-1.59445769783,-0.0325419338705,-1.46864104868,-2.35873549227,-2.05517596922,-2.97709065554,-2.27024504975,0.220714963155,-1.30162928889,-2.34520710743,-1.94030398528,-3.55610388993,-3.03797289768
Claudin 3,0.0,-0.383919019852,-0.0269889142599,-0.536290223281,-0.606815615592,-0.603541627012,-1.15027494045,-0.699488058655,-1.31268636547,-1.26455836794,-0.781633949326,-1.42600608946,-0.779785160514,-0.72407285675,-1.19108492192,-0.65162738779,-0.603038595263,-1.33820309794,-1.65266810563,-0.911699859926,-0.555059741465,-1.50509645766,-1.47947892348,-0.713536885425,-1.79651017515,-0.605807442916,-0.845201642172,-1.04335973653,-1.17510806937,-1.03842045349,-1.13546856427,-1.15727385773,-0.241670493933,-1.17212034883,-1.31001565833,-1.12640410217,-1.25919850404,-1.16988361189,-1.06536504462,-1.32611456833
PDGFRb,0.0,-0.00892487659885,-0.0184432262211,-0.124565416585,0.296960119652,0.71572195861,-0.0822434540533,0.336094042621,1.03431479015,0.498777254486,1.72249821707,0.476711909564,0.594140430148,1.57412113187,1.0379411183,1.71988022398,1.9603176212,1.17552107358,1.67054935665,1.9399383407,2.35920938198,2.0720704299,1.45105326574,2.12332145871,1.95908860431,1.94656825777,1.01282404036,1.64411113544,2.15473609941,1.68445685939,1.00218947069,1.11230706465,0.935779117056,1.47250691309,1.16128218392,1.42240542689,1.01308725784,0.906323888328,0.521898160977,0.452752238919
NEG_B,0.0,-0.48542682717,-1.22239242134,-1.39231742278,-0.392317422779,-1.39231742278,-0.807354922058,-0.222392421336,-0.807354922058,-0.304854581528,-0.584962500721,-0.222392421336,-0.48542682717,-0.517848304863,0.131244533278,-0.144389909335,-1.80735492206,-0.932885804141,-0.932885804141,-1.07038932789,-1.22239242134,-0.0703893278914,-0.691877704638,-0.48542682717,-0.584962500721,-0.584962500721,-0.584962500721,-1.39231742278,-0.144389909335,0.0,-0.222392421336,0.131244533278,-0.807354922058,0.607682577221,-0.392317422779,-0.584962500721,-0.222392421336,0.308122295362,-0.144389909335,0.131244533278
Chi3l1,0.0,1.35182776963,0.237542803109,0.847489433532,1.23700045111,0.953282730383,1.21324798974,2.03833153922,0.503320278442,-0.16788675914,0.863272564651,2.0882684611,0.123291582631,1.08398576177,1.38141250125,1.02555752364,1.00407360903,0.112068257595,0.40774320687,-0.355031242266,-0.202078397842,0.331697596651,3.30132394761,0.93017527976,1.09617897958,1.71106492197,0.934131980205,1.92724864391,0.570746833004,2.03023062315,2.62885652976,1.71594758314,3.66237525884,2.60767591779,2.94221103317,2.39991971145,2.98508985228,3.52453315872,2.85745391957,3.03433879029
ADAMTSL2,0.0,0.125325530857,0.00408228417371,-1.24073999892,-1.98163706596,-2.33724132112,-2.04400916457,-2.17166207451,-1.59784404314,-1.80923217284,-1.94301159891,-2.138242925,-2.18458749203,-1.21451163672,-0.521341130762,0.608954286881,0.37926097904,0.197278702989,-0.0902971688185,0.772258924161,0.187329211591,0.27069548465,0.24290227038,0.913988951229,1.26464819536,1.10333871742,0.814330144422,1.87962724115,2.36012574864,1.5735869228,1.83535391328,1.28414092959,0.530600869348,0.804231493562,0.603104247331,0.771668609981,0.710527605168,0.157915855028,1.13203563332,0.33661491942
NDST1,0.0,-0.72392534513,0.105511917206,-0.332263372337,-0.021902646332,-0.560935740051,-0.547691015503,-0.401170561113,-0.337001221882,-0.766089605124,-0.530709011814,-0.502420673119,-0.511268575037,-0.539178073461,-0.338829662422,-0.167803785834,-0.218554520306,-0.0225413800457,-0.963593004318,-0.723156799546,-0.449395218009,-0.379440282694,-0.525321788023,-0.0729634838328,-0.268592619809,-0.101682959053,0.0260913479795,0.0241504718504,0.0219468251275,-0.585132332781,-0.201154036397,-0.274103876885,0.0357444829598,-0.340087065658,-0.0153400938136,-0.229751244203,-0.0689333668865,-0.44129339203,-0.574190808955,-0.680254825819
GFPT1,0.0,-0.342586947831,-0.0525012548007,-0.359164670643,-0.113271203113,0.0125066946449,-0.480604596138,0.0348605745814,-0.555993733727,-0.939180045454,-0.201907946733,-0.6162451086,-1.30323665706,-0.416789498541,0.293746228172,0.221690788859,-0.0929114860854,0.0153905589358,0.0823352752005,-0.640427386476,-0.684251460226,-0.256858466095,0.0815261209377,-0.241859596245,-0.127047311018,-0.214307523276,-0.702253647606,-0.296419046684,0.135436215769,-0.71035843556,-0.720295165833,-0.744962085574,-0.200463873138,-0.380214080267,-0.27899498174,-0.671191174735,-0.378505913691,-0.666018104849,-0.738946272007,-0.605433128523
