Perturbation GeneID X60.0 X63.0 X66.0 X69.0 X72.0 X75.0 X78.0 X81.0 X84.0 X87.0 X90.0 X93.0 X96.0 X99.0 X102.0 X105.0 X108.0 X111.0 X114.0 X117.0 X120.0 X123.0 X126.0 X129.0 X132.0 X135.0
0 1 0 0 0 0 0 0 0 0 0 0 0 0 0 3.15037433832207e-16 1.70997102136941e-06 0.0312628450531564 0.0950335803668372 0.0814286443379608 0.0622359264303607 0.0424627380858139 0.0258629293304602 0.01406210424987 0.00682536365301084 0.0029573597615883 0.00114389300841543 0.000394974932544414
0 2 0 0 0 0 0 0 0 0 0 0 4.11826050347982e-15 2.6116447480353e-08 0.000346686891151976 0.0164135717643738 0.0255404305147761 0.0234985751629583 0.020459541540446 0.0168969285419683 0.0132366217192412 0.00983567269973889 0.00693247799350492 0.00463479416395502 0.00293920531152778 0.00176801895455257 0.00100879153684452 0.000545975888945183
0 3 0.000204075981190273 0.000706940896015441 0.00212666591709134 0.00555572048852683 0.0126039437778576 0.024831186893041 0.0424828312337064 0.0631181669761634 0.0814367167101333 0.0856581099903376 2.04962508914165e-05 0 0 0 0 0 0 0 0 0 0 0 0 0 0 0
0 4 1.41923768743976e-19 4.00199195679235e-17 7.36018287106029e-15 8.83553711411164e-13 6.92986823275211e-11 3.55530778481046e-09 1.19489115206142e-07 2.63562232405302e-06 3.82443253780007e-05 0.000366184541547737 0.00232272601414801 0.00981083972483311 0.0277824056852274 0.0532150629202391 0.0697339736647509 0.0634104535890219 0.0406884914978506 0.0187647869671801 0.00633271589626542 0.00158811443824135 0.000299263967822832 4.26610943332279e-05 4.61612414113665e-06 3.79660993341528e-07 2.3746253744428e-08 1.12962489471588e-09
1 1 0 0 0 0 0 0 0 0 0 0 0 0 0 1.21048198416553e-15 3.69833049946093e-06 0.037862005268997 0.09459463984611 0.0805707460355924 0.0612365890682088 0.0415477472744736 0.0251644157870991 0.0136059573547605 0.00656710923819095 0.00282958182650347 0.00108836146478643 0.000373703303892156
1 2 0 0 0 0 0 0 0 0 0 0 0 0 0 0 8.11028502760519e-17 1.68160181562927e-09 7.88105818191909e-05 0.0109464918667377 0.0256133997887922 0.0240254217249196 0.0211494287577945 0.0176597064990584 0.0139870407997332 0.0105081369096781 0.00748829808457404 0.00506171916407344
1 3 5.36191828804065e-08 3.73872769015949e-07 2.26387492837921e-06 1.19043579558251e-05 5.43606294670909e-05 0.000215569804968122 0.000742363025025319 0.00222008544169556 0.00576564630856983 0.0130032303989931 0.0254670986346453 0.0433144331412085 0.0639750673979569 0.0820566572647095 0.0830638840841872 9.05004802026118e-06 0 0 0 0 0 0 0 0 0 0
1 4 4.77406757632024e-17 8.65897447789682e-15 1.02515269729284e-12 7.93000291152584e-11 4.0127024221982e-09 1.33021793435551e-07 2.89428893178436e-06 4.14312287777547e-05 0.000391391955485573 0.00244976741704129 0.0102124944065492 0.0285498685542396 0.0540032728536389 0.0699136945877387 0.0628393662469678 0.0398793207495245 0.0182006566055652 0.00608192130621803 0.00151087456310309 0.000282111461593252 3.9855227170753e-05 4.27413170913324e-06 3.48413246778623e-07 2.15985927369141e-08 1.01835019815457e-09 3.65193724415386e-11
2 1 0 0 0 0 0 0 0 0 0 0 0 3.6858018364503e-15 6.57969364298663e-06 0.0432315618457633 0.0942271497063031 0.0798974064895015 0.0604622192312356 0.0408449498516995 0.0246317650087107 0.0132603681042333 0.00637262715103898 0.00273391067632026 0.00104701526698863 0.000357951832196523 0.0001092443656133 2.97629782069926e-05
2 2 0 0 0 0 0 0 0 0 0 0 2.83158402060278e-12 1.7784113728511e-06 0.00262889276558485 0.0234722982670368 0.0249521055558323 0.0224618395364233 0.019178048704199 0.0155317729961682 0.0119315034826389 0.00869414403275812 0.00600919102071535 0.00393969597785112 0.00245000476523837 0.00144520238495105 0.000808626427191121 0.000429165410946058
2 3 4.493614119756e-06 2.23237209924734e-05 9.63079965593021e-05 0.000360813736657096 0.00117389358760582 0.00331664775294124 0.00813757343343237 0.0173386565525473 0.0320819619714075 0.0515503178544047 0.0719327605347688 0.0871653873065328 0.0222112611523978 3.83113664008861e-10 0 0 0 0 0 0 0 0 0 0 0 0
2 4 2.07782003334063e-13 1.86079945464332e-11 1.08963134902518e-09 4.17776136570104e-08 1.05060534858972e-06 1.73666930037712e-05 0.000189232171460036 0.0013641209422191 0.00653663733568203 0.0209510613104015 0.0452845654157491 0.0667067500652952 0.067864619949197 0.0484547620712304 0.0247216314213989 0.00917979593909674 0.00252190653419437 0.000519053848308088 8.0681417068024e-05 9.51186283374914e-06 8.52122044440288e-07 5.80467336994292e-08 3.00734320982322e-09 1.18505928357968e-10 3.55184378290537e-12 8.09701975120793e-14
0 5 0.00185316675618329 0.00276492700437611 0.00402732754066914 0.00572683072515563 0.00795015970829716 0.010774607845289 0.014255787211038 0.0184138689728083 0.0232200422321159 0.0285854526663187 0.0343550997369478 0.0403088022636917 0.0461675906659005 0.0515662538955022 0.0557496427794493 0.056542292976216 0.0499318772991323 0.0345245473021098 0.0168995300367553 0.00544209359520993 0.00110020784441236 0.000135687869943213 1.0029065729071e-05 4.392634262167e-07 1.13160004782314e-08 1.70586553646994e-10
0 6 0 0 0 0 0 0 0 0 0 0 0 0 0 0 0 0 2.79295702382829e-11 1.35912910583948e-05 0.00795913279419067 0.0288027457080247 0.0269204044268362 0.0230038501498922 0.0183396754082603 0.0136412890601904 0.00946655212465355 0.0061291591897587
0 7 0 0 0 0 0 0 0 0 0 0 8.64143205536728e-18 2.75749063067918e-14 3.39719613358634e-11 1.39512199158725e-08 1.92966767629799e-06 9.14626785131964e-05 0.00153185708536248 0.00961060770728573 0.0253554787419421 0.0348434767660471 0.0333893809583112 0.0276763720382458 0.0212252292249107 0.0151776947286375 0.0101229377335789 0.00629733252509876
0 8 0.00150158637532968 0.00324273337664842 0.00638259697317712 0.0114334705065888 0.0186118089989381 0.0274882982641713 0.0367769008190974 0.0445046048481671 0.048640641827839 0.0479464626019977 0.0425713528150688 0.0340069731050414 0.0244140800944628 0.0157366427067363 0.00909921119699448 0.00471602617955046 0.00218941092818165 0.000909888719768335 0.000338314494607055 0.000112489627243871 3.34330435168269e-05 8.87858884942493e-06 2.10604731800575e-06 4.46083640724873e-07 8.43471914222678e-08 1.4233963965518e-08
1 5 0.000134429941638129 0.000279308654571294 0.000555392072123264 0.00105691937709976 0.00192491228716986 0.0033551112861141 0.00559667149022977 0.00893469233333866 0.0136507429631184 0.0199599696610888 0.0279312495555431 0.0374065584859407 0.0479437450803592 0.0588076168125869 0.0689699745832163 0.0762290181809256 0.0726560089189661 0.0479767369510505 0.0170599037147598 0.0027470655703199 0.00018234893453956 4.7520697224852e-06 4.7349998317175e-08 1.77652276589947e-10 2.48620884562377e-13 1.18284334280095e-16
1 6 0 0 0 0 0 0 0 0 0 0 0 0 0 0 0 1.74417513058488e-13 3.66663687743004e-08 0.000117229887342491 0.00729256606375524 0.0217029580694418 0.021797395246644 0.0198326285073021 0.0173052898390955 0.0144828251335604 0.0116252822930103 0.00895013403049466
1 7 0 0 0 0 0 0 0 0 0 0 0 6.23536579487788e-16 2.19337662321456e-12 2.17512159689596e-09 6.13643025928573e-07 5.01605437224115e-05 0.00122813304680271 0.00961524645993501 0.027571254801739 0.0376391941171812 0.0349418861546028 0.0280308058016749 0.0206484982372982 0.0140369544320838 0.00880731737400602 0.00510036392869627
1 8 0.0066765392692434 0.00991324213816059 0.0139778836542776 0.0187050854441441 0.0237411698078603 0.0285630033722803 0.0325541664386856 0.0351285790705574 0.0358696194990529 0.0346400009224175 0.0316227369185057 0.0272765953841294 0.0222209222047825 0.0170899380906904 0.0124040510599818 0.00849340362367719 0.00548475723032267 0.00333936441904945 0.00191639335606207 0.00103636614586853 0.000528021575583841 0.000253402186801378 0.000114526804372123 4.87378928002721e-05 1.9526309893282e-05 7.36383682352341e-06
2 5 0.000369005994428101 0.000676658354136682 0.0011964389883328 0.00203984302525753 0.00335342054596213 0.00531574789562823 0.00812504571254261 0.0119749120451272 0.0170178203029777 0.0233195742298217 0.0308121768669658 0.0392562871510528 0.0482258953822507 0.0571208359676472 0.0650944029603684 0.0699221864959474 0.0647722007791452 0.0432807114171862 0.0172483742137532 0.00358980132110744 0.000361576047866626 1.69038894394977e-05 3.5823810860714e-07 3.39346468398682e-09 1.42415311370428e-11 2.63149157961011e-14
2 6 0 0 0 0 0 0 0 0 0 0 0 0 0 0 0 0 4.43951294147238e-13 3.8854181601055e-06 0.00809656204627124 0.0320694680467883 0.0291185301730781 0.0240000368212128 0.0181639527999728 0.0126230660037904 0.00805518229241112 0.00471999919887799
2 7 0 0 0 0 0 0 0 0 0 0 0 0 2.4567843079581e-14 1.0325587418708e-10 9.35896957522856e-08 1.86568696841009e-05 0.00084859997839904 0.00950113274836707 0.0309940809578288 0.0416897494515589 0.036883174587579 0.0281093667762662 0.0193882561903732 0.0121317722825615 0.00688683560370692 0.00354670594257292
2 8 0.0078802763596393 0.0111533837216695 0.0150728386493177 0.0194393129539982 0.0239133240682542 0.0280447544141234 0.0313401582457099 0.0333565491724279 0.0337981218734189 0.0325871366485066 0.0298856573172107 0.0260599551204846 0.0215983506611177 0.0170081036336351 0.0127216111434286 0.00903548898537666 0.00609209058502951 0.00389831509825973 0.00236691446011579 0.00136329613961284 0.000744756236021482 0.000385811740116377 0.000189496577189453 8.82317695798077e-05 3.89389859086727e-05 1.62863403520343e-05
0 9 5.36442176455313e-17 2.21503675866608e-15 7.38474913963016e-14 1.98835917056922e-12 4.32494005471527e-11 7.60204049310001e-10 1.08019800739271e-08 1.24131190573452e-07 1.15417331402236e-06 8.68787488461787e-06 5.29767810563248e-05 0.00026188327951536 0.00105039347637981 0.00342176175788656 0.00906361734975734 0.019547316905993 0.0343776274886076 0.0493897152621898 0.0580824514648711 0.0560387421436053 0.0444696238846096 0.0291048715668963 0.0157568077921398 0.00707764587449302 0.00264573200161413 0.000825481876681749
0 10 0.00351258750889014 0.00603891209669389 0.0097951048461943 0.0149891945208907 0.021640452017806 0.0294763147833067 0.0378790317581301 0.0459243880961291 0.0525299168235124 0.0565971667061951 0.0140002944849828 3.86978534127485e-07 2.7888717457204e-17 0 0 0 0 0 0 0 0 0 0 0 0 0
0 11 5.90371657386056e-09 2.43051478328723e-08 9.38339709323551e-08 3.39703533691936e-07 1.1531855119639e-06 3.67050333328631e-06 1.09528753797064e-05 3.06356670629943e-05 8.02980452588992e-05 0.000197147795650088 0.000453164505453211 0.000974519172168704 0.00195887650598484 0.00367648484204634 0.00643447155325213 0.010486258291976 0.0158880852689795 0.0223430650739054 0.0291133364400129 0.0350895316211018 0.0390548960966116 0.0400768123651035 0.0378599151183962 0.0328800039253384 0.0262179039353786 0.0191724579136173
0 12 1.29543593771885e-05 6.53941411391416e-05 0.000278855040460587 0.00100445835419856 0.00305606773600263 0.007848258548765 0.0169476532231953 0.0303454048230609 0.0435481085577526 0.0473875528791471 0.0366729333578303 0.0190656152362443 0.00637934447224608 0.00133393730832996 0.000170934012153955 1.32496862644508e-05 6.1581382079006e-07 1.70576472043173e-08 2.80375694243585e-10 2.7261464223559e-12 1.56433469276481e-14 5.28794233117594e-17 1.05473716623097e-19 1.32274437877379e-22 0 0
1 9 0 0 0 0 0 0 0 0 0 2.47175508556896e-17 4.42166370850658e-14 3.20607976614357e-11 9.37056995161241e-09 1.11148011244881e-06 5.40627835900138e-05 0.00109659122651856 0.00954399361887085 0.0374925858220755 0.0727661414162687 0.0808242590564698 0.0616942484663362 0.0372251123570791 0.0187602373292013 0.00797723492515902 0.00286449756889236 0.000868642338650016
1 10 1.170316634067e-15 3.30578035153514e-13 5.19771063487281e-11 4.57174684635981e-09 2.25778917370324e-07 6.2933152285543e-06 9.97667607218944e-05 0.000909993111140643 0.00486373233598312 0.0156913267874325 0.0320761474182633 0.0448289696419234 0.0475170503542955 0.0425379123845383 0.0346113109881766 0.026366116515826 0.0189317110736818 0.0128240100244464 0.00819550027522604 0.00494135306938849 0.00281083354843062 0.0015084926420865 0.000763783179062832 0.000364851224904584 0.000164429733646691 6.99139313218015e-05
1 11 5.90386716938697e-09 2.43064644868466e-08 9.38444393502986e-08 3.39779232854363e-07 1.15368342998263e-06 3.67348283402796e-06 1.09690978501556e-05 3.07160483602665e-05 8.06605744953474e-05 0.000198636390675368 0.00045873075287735 0.000993478407525679 0.00201771835781661 0.00384294522537126 0.00686387521677555 0.0114967768244874 0.0180586116424949 0.0266007665680052 0.0367456117430678 0.0476012489665684 0.0578272780103875 0.0658792563868534 0.0703824730414016 2.42121135285466e-06 0 0
1 12 1.29543593827396e-05 6.53941422082757e-05 0.00027885516193749 0.00100446651490392 0.00305639283970918 0.00785597003305395 0.0170571861127582 0.0312841561889584 0.048347628691376 0.0589040925964243 0.038599220126146 0.00738595212935697 0.000277909180952287 1.73262219755317e-06 1.66422061585063e-09 2.37936702492319e-13 2.67139542360556e-18 0 0 0 0 0 0 0 0 0
2 9 2.19699006307339e-19 1.63151356981352e-17 9.45395201062437e-16 4.27595254701998e-14 1.51010490382609e-12 4.16600402090102e-11 8.98224830371511e-10 1.51445105620378e-08 1.99814982699402e-07 2.06470222646985e-06 1.67250107357678e-05 0.000106331826941224 0.000531326730075108 0.00209028364515 0.00648779943385881 0.0159270904197987 0.0310208887063218 0.0481123421025155 0.0596839893339288 0.0595253204356418 0.0480121267415687 0.0315233288211275 0.0169637776476067 0.00753325298813436 0.00277815753994226 0.000855448345427624
2 10 7.88839102846809e-11 2.71325715747033e-09 6.51920414092016e-08 1.09668900434852e-06 1.29558904848027e-05 0.000107925708483162 0.000637566816208531 0.00269259073695837 0.00822455880874749 0.0184809577861792 0.0313111401767795 0.0414016693917781 0.0446723323344297 0.0413414368098016 0.0343120902800148 0.0263180615928407 0.018926518183375 0.0128236227988549 0.00819548014949796 0.00494135233883927 0.00281083352992476 0.0015084926417598 0.000763783179058816 0.00036485122490455 0.000164429733646691 6.99139313218015e-05
2 11 5.90386716938697e-09 2.43064644868466e-08 9.38444393502986e-08 3.39779232854363e-07 1.15368342998263e-06 3.67348283402796e-06 1.09690978501556e-05 3.07160483602665e-05 8.06605744953474e-05 0.000198636390675368 0.00045873075287735 0.000993478407525679 0.00201771835781661 0.00384294522537126 0.00686387521677555 0.0114967768244874 0.0180586116424949 0.0266007665680052 0.0367456117430678 0.0476012489665684 0.0578272780103875 0.0658792563829559 0.0694756890681899 0.00167285614211842 1.94091291349275e-11 0
2 12 1.29543593827396e-05 6.53941422082757e-05 0.00027885516193749 0.00100446651490392 0.00305639283970918 0.00785597003308985 0.0170571864736886 0.0312846939719477 0.0484700379080441 0.063435408620488 0.0488505148682151 2.78087118044333e-08 0 0 0 0 0 0 0 0 0 0 0 0 0 0
0 13 7.17103559311913e-09 5.20822474872055e-08 3.33476305406521e-07 1.88238160946583e-06 9.36737241558236e-06 4.10956002010256e-05 0.000158942593154655 0.000541941846086711 0.0016290428350644 0.00431697712391322 0.0100854299219406 0.0207719133680912 0.0377158788660414 0.0603530356944615 0.0844012855829784 0.0957057133877789 0.0693926187214685 0.0235627067665491 0.00300707514830979 0.000128491350408288 1.73565276522726e-06 7.19247691406782e-09 8.99053345054756e-12 3.3586405692909e-15 0 0
0 14 1.20146324159779e-05 3.4019655212776e-05 8.9791387122052e-05 0.000220914797500713 0.00050664094722447 0.00108308145644146 0.00215827761831799 0.00400902576405619 0.00694153856674136 0.0112036101415197 0.016855653252745 0.0236384253224118 0.0309013062683954 0.037652065453573 0.0421062429342611 0.031539137597306 0.00579913490422601 0.000115474275542577 1.81290768254669e-07 2.00463253234192e-11 1.50413209483994e-16 0 0 0 0 0
0 15 0.000148954011981618 0.000289483749884037 0.000538956188249608 0.000961258126793619 0.00164241867583768 0.00268834507297997 0.00421544513145751 0.00633226609853593 0.00911238711412869 0.0125621060166578 0.0165901394237079 0.0209891526452504 0.0254388255705883 0.0295358036373168 0.0327539949432568 0.0319574585396198 0.0174529830844909 0.00273439464534993 8.2401311957048e-05 4.04877153380005e-07 3.02678296725734e-10 3.33112110269477e-14 0 0 0 0
0 16 7.20412818406488e-09 1.48102282864906e-07 2.16826280284075e-06 2.26717005029504e-05 0.000169966428144233 0.000918459467171945 0.00360414704305811 0.0103792642440676 0.0222681946970309 0.0363589361236875 0.0465176899902863 0.0483983766404641 0.0426871971811839 0.0331665073383825 0.0233361178632804 0.0150905402474367 0.00902060660762974 0.00499268621552082 0.0025594639926802 0.00121535448704352 0.00053456282935336 0.000217789339970681 8.2189543661729e-05 2.87301973288002e-05 9.30256553027571e-06 2.79003053607148e-06
1 13 8.19280469809817e-09 5.95032162872156e-08 3.80991867375547e-07 2.15059382893639e-06 1.07020878279921e-05 4.69511302832176e-05 0.000181589619381454 0.00061916073976478 0.00186115793447255 0.00493208407671489 0.0115224581685384 0.0237316113162065 0.0430898474221912 0.0689524724792224 0.0964272509975065 0.109342396658943 0.0792800656602651 0.0269200525070782 0.00343553996946357 0.000146799513908439 1.98295824146592e-06 8.21730109791669e-09 1.02715547476479e-11 3.83719839038491e-15 0 0
1 14 1.94519325777411e-05 5.5078508988496e-05 0.000145374069541838 0.000357665519645397 0.000820261927732983 0.00175353075628706 0.0034942950613901 0.0064906936945603 0.0112384911590366 0.0181388711326961 0.0272896431013691 0.0382710880945494 0.050029839056714 0.0609594545432442 0.068170857859122 0.0510625008624501 0.00938891655280386 0.000186955184690506 2.93513415888359e-07 3.24554056355518e-11 2.43522024510156e-16 0 0 0 0 0
1 15 0.000172322524826689 0.000334899141101826 0.000623509832965103 0.0011120642218062 0.00190008801560701 0.0031101036112976 0.00487678135457523 0.00732569782752019 0.0105419755655767 0.0145329004377415 0.0191928681523055 0.0242820165075424 0.0294297722675001 0.0341695009611143 0.0378925752431504 0.036971074960177 0.0201910782453319 0.0031633776283745 9.53287658154683e-05 4.6839593232101e-07 3.50163702260378e-10 3.8537209658419e-14 0 0 0 0
1 16 5.60538870928741e-09 1.15235437651835e-07 1.68708211781896e-06 1.76403987786733e-05 0.000132247493789044 0.000714635025319448 0.00280431505736623 0.00807589886214095 0.0173264389446942 0.0282901643088788 0.036194488436567 0.0376578132755021 0.0332140582450773 0.0258061990307574 0.0181573686985154 0.0117416489211191 0.0070187544054499 0.00388470974231117 0.00199146797500516 0.000945643129244216 0.000415932694630559 0.000169457549349988 6.3950047568836e-05 2.23543945371039e-05 7.23814102949395e-06 2.17086721194873e-06
2 13 9.38829510694517e-09 6.81858990787909e-08 4.36586030800669e-07 2.46440752162894e-06 1.22637317124085e-05 5.38022182813414e-05 0.000208087095681249 0.000709508398863163 0.00213273727048772 0.00565177158625706 0.0132038101272914 0.0271945174589095 0.0493774987467575 0.0790139865214566 0.110497872471708 0.125297590429943 0.0908485774949984 0.0308482145668109 0.00393685243009841 0.000168220433528515 2.27231062397381e-06 9.41636601050367e-09 1.17703754369303e-11 4.39712066872424e-15 0 0
2 14 2.41379368376505e-05 6.83470172314711e-05 0.000180394934765942 0.000443827763010302 0.00101786444728915 0.00217595935360012 0.00433607679580716 0.00805431305119335 0.013945863150777 0.0225085566155168 0.0338637654058416 0.0474906595240559 0.0620821139659236 0.0756446927595373 0.084593335628507 0.0633635457898256 0.0116507228173762 0.000231993012596324 3.64221306309864e-07 4.027396908458e-11 3.02186902134818e-16 0 0 0 0 0
2 15 0.00021922618253242 0.000426053763493654 0.000793220042416625 0.00141475175298558 0.00241726403762981 0.00395662808835231 0.00620416953897386 0.00931964507094176 0.0134113463223439 0.0184885422685982 0.0244168846824274 0.0308912243973416 0.037440123590873 0.0434699367495732 0.0482063771131084 0.0470340580013614 0.0256867928867065 0.00402440250962243 0.000121275854310228 5.95886418561487e-07 4.45473113774109e-10 4.90264715385497e-14 0 0 0 0
2 16 1.60196189601152e-08 3.29330916663438e-07 4.8215055339703e-06 5.04144282216518e-05 0.000377949606852511 0.00204235270645935 0.00801444128017155 0.0230800804799802 0.0495171636125459 0.0808503524111359 0.103440090113538 0.10762212057572 0.0949223300649299 0.0737514375402134 0.0518918745789384 0.0335564135575689 0.020058871379186 0.0111020971193956 0.00569140871140595 0.00270254988340837 0.00118869245766946 0.000484292082367795 0.000182762596434499 6.38865386757468e-05 2.06858555732185e-05 6.20411310473548e-06
