0.5,1.0,1.5,2.0,2.5,3.0,3.5,4.0,4.5,5.0,5.5,6.0,6.5,7.0,8.0,8.5,9.0,9.5,10.0,10.5,11.0,11.5,12.0,12.5,13.0,13.5,14.0,15.0,16.0,17.0,18.0,19.0,20.0,21.0,22.0,23.0,24.0,25.0,26.0,27.0
Serpina3,0.0,0.200290817989,-0.598987927533,-1.18747819381,-1.4304872475,-0.0984484880881,-0.785787689641,-1.45404901266,-0.618985362066,-0.293035543765,-0.585914460532,-1.51318413675,-1.30866619548,-0.0895703367416,-1.43906283273,-0.317335790238,-0.927819266745,-0.185953782148,0.189760824724,1.02619534238,0.00927510234385,-0.0648803138649,-1.35065586344,-0.612504241369,0.440038235145,-0.340444904151,-0.560429488977,-0.23289868786,0.710845801167,0.295377556642,-0.473003338385,-0.107989255298,-0.392793324166,0.21019620111,-0.559494192322,-0.0876214576037,-0.498470291441,-0.447689697432,-0.857161754999,-0.799341100611
POS_F,0.0,0.639252656222,0.202188850613,0.12623999738,0.0501857571682,0.369645596465,-0.377235466566,0.427748551028,0.319372389984,0.319372389984,0.235103473086,0.687615677784,0.277853120545,0.245910228043,0.168505724357,0.455945442859,-0.078711976014,-0.2054691183,0.0624640869467,-0.0652914602517,-0.119739244274,0.256636634636,0.734409889262,0.465223256447,0.235103473086,0.639252656222,0.288345494363,-0.147753620444,0.0867116331933,0.379493382421,0.256636634636,0.339692374363,0.483601785762,0.764783538306,0.679666924668,0.606085792287,0.914530657811,0.779733879772,0.427748551028,0.224215156943
MUC5Ac,0.0,1.2654053103,0.975108824458,1.66296501272,-0.23670025802,0.745293953925,-0.0941221773646,2.26303440583,-0.733805253273,0.853260301816,0.795373240921,0.127111917903,0.379971102428,0.720931242368,0.334026237405,0.613779773142,-0.0210336998722,1.09192248944,0.558138712645,2.60756392966,2.14953321261,-0.135227380694,-0.203533394085,1.29742313138,1.13836612171,0.24071602641,1.21641401932,-0.00380157015986,0.913960168933,0.782187817464,-0.908077510559,0.785495488094,0.931981576571,0.901819606061,-0.0326372077924,0.0169841796309,-0.575502171472,-0.841935153768,-0.321928094887,-0.243426121209
CTPS2,0.0,-1.1012449685,-0.754711660242,-0.681269450916,-1.27381330671,0.231108427748,-0.719795537491,-0.962888067566,-0.938417101162,-0.411212893636,-0.891121049737,-1.37437525207,-1.47181382712,-0.687465597006,-0.888369610431,-0.773961155012,-1.1037623222,-0.663994443493,-0.659790135093,-1.40965473921,-0.833161145791,-0.813110908767,-1.07713436517,-0.678181328681,-0.853352755961,-1.31677895073,-0.482147973393,-0.716966470634,-0.00933075943975,-0.607887287936,-1.08656431874,-0.727539490818,-0.845888216717,-0.803530316414,-0.719152080436,-0.529872237793,-0.823446925473,-1.03937640077,-1.13140457736,-1.08639834865
polr2a,0.0,-0.329604318378,0.00314918934038,-0.162951768135,-0.327106310891,-0.716989937904,-0.47562582856,-0.725922750177,-0.650042695888,-0.53169020441,-0.791453993286,-0.890025051918,-1.0788019436,-1.14225456535,-0.820619259412,-1.03414629796,-1.00320209195,-1.0402078528,-1.13107182677,-0.347193068931,-1.35837195937,-1.1052268634,-1.02926534716,-0.915894443813,-1.48510547846,-0.972186944654,-0.75817395574,-0.861799615848,-1.05940774076,-0.669384005657,-0.700606159003,-0.738634697935,-0.99299249908,-1.01268139204,-0.86079872892,-1.07173977466,-1.14315564436,-0.997079888656,-1.03973583365,-0.920376977389
ATP1B1,0.0,0.311952342274,0.528111953669,-0.649400406716,-0.773350173445,-0.730939911998,-1.56080362175,-1.27276843657,-1.76039862753,-1.75725952279,-1.58106652564,-1.38899292525,-1.78877369581,-1.37874080522,-1.07290686836,-1.55045822817,-1.24269557261,-1.99460836997,-1.96650827596,-0.705803652258,-1.65577611678,-1.91518749236,-1.49235106783,-1.66508997927,-1.81502772231,-0.954827330763,-1.6885532071,-0.98296821174,-0.788962234111,-0.755278020063,-0.148122233907,-0.540662629281,0.00109084352926,-0.849023052074,-0.225369162906,-0.978983458795,-0.363919190659,-0.497888070517,0.032104978728,-0.461031877951
E-Cadherin (CDH1),0.0,-0.272249895589,0.10407443528,-0.90471324037,-0.648986468705,-1.06557963388,-1.18332627071,-0.34941803218,-1.23649547865,-1.5218961658,-0.756561726153,-1.29134297535,-1.27443718797,-0.520383635514,-0.371773008073,-0.343335277492,-0.790196979924,-1.05724434806,-1.0170329007,-0.997464397604,-0.879338035543,-1.06924151968,-0.529562766036,-0.931507863686,-1.03644373752,-0.369970731835,-1.28069049003,-0.520701931191,-0.145881848351,-0.877196743809,-0.818899238165,-1.08985964996,-0.440373501214,-0.489351238059,-0.60342744052,-0.993690041269,-0.607129946852,-0.949231907148,-0.855806236207,-0.747138838349
POS_D,0.0,0.460595551771,0.0875313339055,-0.115509562304,-0.22443156661,0.0081278808834,-0.487057912749,0.400996560801,0.184471146497,-0.0341691399786,0.0231020955784,0.569745292271,-0.0134531629385,0.147104294032,0.142892042745,0.171088934576,-0.218322757027,-0.355352233537,-0.123943933248,-0.510088881405,-0.558998481885,0.314690674374,0.51904917288,0.331444740557,0.131244533278,0.473232377449,0.161230523341,-0.0728366483101,-0.0282198736475,0.294420487382,0.25982873934,0.0127519074088,0.285372362072,0.575226365505,0.342047755511,0.345717569995,0.646880464934,0.69658308181,0.3272744292,-0.00408117681182
ABCA3,0.0,0.551213935977,0.515813469859,0.363836169171,-0.0142400229127,-0.715588939672,-0.643284238255,0.33950623245,-0.146308061183,-1.20266442472,-0.387936653972,0.289433502444,-0.332199507801,-0.0252533614076,0.2054037065,-0.286921743426,0.282869433615,-0.676318957262,-0.613857982242,-0.323403292293,-0.436657912049,-0.190857158421,0.154081135849,0.241161280301,-0.158823330782,0.615267000327,-0.198615369472,0.175399615721,-0.221786175886,0.600945708011,0.697718049018,0.259673102455,0.844934134453,0.358568858035,0.37923908723,0.0129246941739,0.525636839327,0.578860353867,0.307989721928,0.537875489114
Claudin 1,0.0,-0.131251688031,0.0394227796415,-0.177910279744,-0.974681072391,-0.105967787885,-1.02883361543,-1.38284530931,-1.36184048095,-1.01662283546,-1.19122913552,-1.66687679644,-2.14497521004,-0.649174794704,-1.14530751341,-2.14963443683,-1.1843835946,-1.93220301378,-0.779196804795,0.270228412218,-1.45845532774,-1.20987600405,-1.39504326722,-0.702375477659,-0.683430725098,-0.803378796342,-0.198624500909,-1.16235728827,-1.89988347892,-0.977636810038,-1.07019401685,-0.886211186867,-0.920211416595,-1.40336538778,-0.914819218761,-1.29027476319,-1.27783450569,-1.48050704392,-1.07905464158,-1.41935109195
VIM,0.0,-0.0219584117326,0.226759897202,0.015187982487,-0.0423918995129,-1.14559796401,-0.181891646854,0.344827705589,0.754186477161,-0.0680530190561,0.227243923509,0.696351020916,0.73245758889,0.674159704264,0.509284032964,0.755913545879,0.862766911107,0.517707469557,0.22480652898,0.41651696183,0.608936108937,0.396463649753,0.692715035434,0.752641734087,-0.364317641993,0.85115389515,0.488939053254,-0.0433237545154,0.00463423087981,0.668464231488,0.65015328688,0.162779327206,0.691244490408,0.286420770724,0.403139951767,-0.0838091775799,0.311759220617,0.408182066068,0.642833560945,0.625626143531
FOXF1,0.0,-0.931655133958,-0.420202458427,-0.360126957816,0.2769516526,-0.216134188058,0.152267935121,0.214535745764,1.16106621602,0.269777701957,1.5656603182,0.492054646931,0.66733118666,0.841932611192,1.35898410522,1.64040480887,1.54901975873,0.790728562094,0.187604453433,0.447563920054,1.09337565135,0.493368754838,0.994065808607,0.700691491847,1.12679427255,0.983716644123,0.423545544996,1.41534356194,1.69490691648,0.998487472298,1.22894562069,0.749960290291,1.4681033761,0.877448620926,1.19470662299,1.02216751585,1.17190874368,0.690137058986,1.28424400652,1.16866675594
PRSS35,0.0,0.828181111524,0.157534709565,1.12489589306,1.47765168262,1.12908166497,2.43553177922,2.47175836831,2.87121907139,2.50085252606,2.74286712845,2.84503123037,2.73565085723,2.85580554418,2.93790371358,2.68475209165,3.12078552342,2.4821581879,2.19831779583,1.61219286919,1.8477852746,1.88167107978,2.23259997207,1.69010357082,1.20803712836,0.052916279211,1.42734064446,-0.353213783814,0.230125887668,-0.524812357335,-1.89905564895,-0.457623431734,-1.38519298835,-1.77719951897,-1.71272862878,-1.20052964606,-1.71335303694,-2.06844799577,-1.71710517181,-1.66725662235
GUSB,0.0,-0.773610062105,-0.33036366884,-0.0823821469345,0.194016024975,-0.320024982337,0.101197260124,-0.210411535675,-0.463199930329,-0.308860912944,-0.61534193813,-0.485372417672,-0.793277095561,-0.443827937909,-0.604822384364,-0.569134565716,-0.431912384717,0.00759743360909,-0.304598554723,-1.19517349515,-0.0167831372079,-0.508664904233,-0.400810007857,-0.320024982337,-0.111281622512,-0.418881580779,-0.130113583245,-0.470343550652,-1.47348791143,-0.434483706922,-0.650639420339,-0.312910585893,-0.614369818414,-0.724535107387,-0.823610620144,-0.733252324489,-0.857386002732,-0.657489023905,-0.708738474583,-0.406448119795
