0.5,1.0,1.5,2.0,2.5,3.0,3.5,4.0,4.5,5.0,5.5,6.0,6.5,7.0,8.0,8.5,9.0,9.5,10.0,10.5,11.0,11.5,12.0,12.5,13.0,13.5,14.0,15.0,16.0,17.0,18.0,19.0,20.0,21.0,22.0,23.0,24.0,25.0,26.0,27.0
ipo8,0.0,0.397604681282,0.502294177425,0.297590347819,0.081012030409,0.334772581019,-0.0522030425692,0.389106007927,0.666669717178,0.318315214804,0.362195061176,0.104261194396,-0.379524396227,0.294771482051,0.530065348983,0.247374061662,0.408109192961,0.109804929551,0.0816254472476,0.737043470339,0.257616030048,0.0158773570498,0.0939609466639,0.348090175787,-0.157566238188,0.216204535363,0.48254988136,0.168496526106,0.0768338646787,0.57919665503,0.255660422343,0.676935733002,0.395435362925,-0.11547721742,0.115327443733,0.226558450916,0.0598746217575,0.155852926834,0.165953516803,0.263358862158
MUC5Ab,0.0,0.501385883535,-1.09018944026,0.880705544567,-1.55848557244,3.36637724399,-1.45315409751,2.94742688218,-0.725595558278,-2.7200294331,-0.222262711735,-2.74416109557,-2.0509596656,-1.27957680139,-1.27120362036,-0.976582871471,-2.13848969802,-1.66140926666,-0.304778280351,-0.263709083815,-1.67046472889,-3.30157726941,-2.39673450245,-2.56001466113,-1.48040262697,-0.630556987064,-3.33784081339,-1.55314648875,-0.817247131791,-1.60428926206,-2.37503943135,-1.44819028564,-0.880795787592,-2.33260416503,-1.45244393503,-1.7873878431,-2.31571515132,-1.81541977874,-2.35764929447,-2.13392781266
LOX,0.0,0.101114030511,-0.0496316656572,-0.450830743328,-1.06958654324,-0.819636029326,-1.20007486708,-1.27103016119,-1.63987017833,-2.04903876697,-1.62481159067,-2.11596760031,-1.87624612246,-1.96399416327,-1.83093993336,-1.88904913952,-1.64968419528,-1.18761322544,-1.69169220967,-1.79449924819,-1.72268667614,-1.88835246075,-1.62165021099,-1.42816984231,-1.98129091358,-1.38835912806,-1.04677560452,-1.32083388768,-0.951150833056,-1.87079370639,-1.57971274595,-1.50577223651,-1.75032808716,-1.6651416455,-1.77595925719,-2.08505113056,-1.98582269572,-2.6304666348,-2.42334515498,-2.6768512337
Thy1,0.0,2.43898445275,0.501061243112,0.136268022226,-0.323967240161,1.11133316301,0.198440879326,0.609210046968,-0.45973730675,-0.613360495863,0.638302958488,-0.136688671968,0.172639386139,0.0194305299489,-0.404749894877,-0.096046687471,0.239063132097,-0.360126903456,-0.661539323994,1.97284839374,0.981130247946,0.673479768479,0.0946368741381,0.901337364322,0.739896909176,0.66476564865,1.1203594388,1.09730606091,0.539702096763,1.05948042872,0.566918325251,0.0629958644338,0.448871094355,1.03622018791,1.55503967763,0.142681106998,0.946868286348,0.906999269108,1.31670211665,1.26303440583
CD68,0.0,-0.000204159774046,0.352829022997,1.19996719129,0.539968579792,1.69869557724,0.360640750686,0.737904357187,0.181064512148,0.0418493390183,0.230970138241,0.542073168117,0.41018088234,0.157341810865,0.23704538351,-0.0506916927038,0.0228859350457,0.0681809247029,0.0440290860781,0.390537344325,-0.223209233837,-0.182560629787,0.904861325507,0.222946423703,0.420742274562,-0.0220106029286,0.867753834863,0.441335248629,0.54403468445,0.367777716468,0.449131998235,0.792433743915,0.637808997848,1.00733057632,0.655154150545,1.08116866008,0.997752651893,1.52465327691,1.25921865136,1.14413227437
KRT18,0.0,-0.344890725961,-0.345086364197,-0.836386850885,-1.10860339868,-0.614623205535,-1.62932003871,-1.51555929388,-1.71339764597,-2.01747991315,-1.43181081002,-2.11940515902,-2.00259000675,-1.34095750963,-1.44516996599,-1.40456060283,-1.70966466605,-1.4568770042,-1.98394742428,-2.01585939753,-1.42244988949,-1.68053847272,-2.1699404044,-1.69842335103,-2.68905581561,-1.71572302479,-1.90961176803,-1.93589109283,-1.18338035404,-1.91204435087,-2.04531088174,-1.59122966144,-1.21471146616,-1.52634485763,-1.14186604648,-1.46637961704,-1.60578267371,-1.60409596848,-1.66638851009,-2.07252266254
KRT5,0.0,1.53405373141,-1.14684138833,-0.836456041458,-0.866733469137,-0.253756592246,-0.889426054997,-0.437049193893,-0.945024664489,-0.145790244355,-1.00475666452,-2.37908159562,-0.619079443743,-0.319397605239,-0.90712805673,-0.0394756003559,-1.02008424604,-0.60312186984,2.43671839469,0.608513383487,0.201757738415,-1.13427792687,-1.84780696579,-0.112551739394,-0.16802671822,-1.17230137332,-0.787546440977,-1.00285211633,0.760329587232,-0.510914431743,-1.03168775396,-1.45777048427,-0.844392301382,-1.6801629056,0.0503968009136,-1.62932694019,-0.115635520491,-1.26512540632,-1.32097864106,-1.39898115306
PRDX3,0.0,-0.266478807637,0.051864096506,0.103366994024,-0.276807640175,0.0879922619729,-0.186254856061,-0.655416446969,-0.519534596202,-0.358323714589,-0.779505954089,-0.589962253376,-1.08744613008,-0.883529018632,-0.432222071698,-0.831690087113,-0.493766412255,-0.453361504401,-0.640681758339,-0.34581011662,-1.32522956007,-0.581668573369,-0.746234782609,-0.444904921236,-0.766105270491,-1.13823454845,-0.116476525992,-0.793186719186,-0.553860702631,-0.892270152794,-0.815051458611,-0.604591917928,-0.656399448446,-0.635757287901,-0.41857720003,-0.676130248686,-0.498039763935,-0.744740535928,-0.530950513393,-0.856730976817
IGF1,0.0,0.375418669813,-0.0797827045833,0.748534462647,0.386671873222,-0.060409731254,1.07855946268,0.656953416854,0.53095304502,-0.170332139879,0.595777356769,0.861084571479,1.0064986373,1.09122542521,0.479327120468,0.512237351894,0.666388996864,0.895775283115,1.35051853221,1.97108071566,-0.0202237509478,-0.217200185469,0.65781375145,0.633703228092,0.152817025789,-0.395271782896,-0.00707338227479,-0.442434734324,0.830736353561,-0.0329396738283,-1.10816830487,-0.84036401129,-0.601338329675,-1.48890477381,-0.519699860651,-0.575629888809,-0.769257551902,-1.11109644682,-0.734073696348,-1.26564207946
BCL2A1,0.0,0.407204289858,0.161017725435,0.822108805919,0.333100122542,-0.197035126644,0.047594660359,-0.348481295548,-0.489014568552,-1.0846089139,-0.765675827435,-0.0360683618333,-0.672341581612,-0.4312816006,-0.0375155432576,-0.816820239958,-0.567748749852,-0.441494906636,-0.48397449444,-0.820677216622,-0.479738658769,-0.699232275942,0.0351197395366,-0.775543327188,-0.342655475954,-0.781350896416,-0.0530187595032,-0.231485030075,0.233244445654,-0.00537080331802,-0.244211472037,0.0638144193561,0.13594445326,0.0267658722523,0.0683961186477,0.512123457262,-0.0141056132956,0.703599572244,0.532163257112,0.228014343521
pgk1,0.0,0.363700948617,0.176501769224,-0.035782302185,-0.189951837158,0.525231397374,-0.328152408586,0.170483007716,0.0336789490961,0.0729276982936,0.566517831617,0.11515345165,0.478934669093,0.438534790246,0.500494527128,0.0911395763501,0.0700854576591,0.235578035938,0.265927662925,0.971759343572,-0.13599740185,0.377665501477,0.20916347588,0.570728479354,0.579022210065,0.21677665999,-0.232063547379,-0.0925031482541,0.340944028129,-0.323218368022,-0.415082752491,-0.517854475672,0.170724240898,-0.166298051013,0.145785596954,0.0595723169606,-0.0980140527791,-0.26284435784,-0.227764833599,-0.33412984554
Tnc,0.0,-0.773643610231,0.646637973961,0.268581567258,0.75207156868,0.685892997248,1.3462880337,1.51347130128,1.87080096624,1.46157151835,1.78114501476,1.34928845641,0.9920476768,1.65011723162,2.12369825056,2.42786907757,2.16146065827,1.94784367244,1.5054242114,1.14793815852,1.3412656923,1.1559614128,1.7398998106,1.31122053887,0.444610997775,0.112568716671,0.593766769626,-0.47969306847,-1.08418058269,-1.72588604128,-1.94371926118,-2.15259718333,-1.44793434802,-1.92396830498,-2.35214301875,-2.31834915092,-2.19460174176,-2.46388835691,-1.67098132848,-1.90009232878
b2m,0.0,-0.301043863133,-0.356264908853,0.197738779538,0.21386558906,-0.241772781574,0.264318943364,0.707585301228,0.420825039739,0.663930224223,0.777118032746,1.19504780495,1.4144713794,0.657022037787,0.429832851034,0.917362794527,0.587599307902,0.322512744381,0.543259263735,0.600259308016,0.348371420397,0.630642202121,0.877230361038,0.532235352236,0.808245475721,1.09448818969,0.777133131358,1.24768917425,1.44882882246,1.50814063713,1.70252212219,1.7452346887,1.21669615184,1.68332298487,1.5868716515,1.7401162759,1.91187578758,2.09415795889,2.16358905984,2.12541363263
POS_C,0.0,0.348276324987,-0.0119631361076,-0.206343638902,-0.114020429416,0.1018911359,-0.369994457332,0.154535693131,0.167571329232,0.00909662729535,-0.0204224596247,0.418708319964,-0.0338537878824,0.103386279121,0.00556586238781,0.112246577065,-0.417447593986,-0.367703165804,-0.215291295817,-0.452919168038,-0.390947684032,0.1018911359,0.272865522784,0.146771883418,-0.0750482442693,0.0888414248135,0.0520282853512,-0.0155458839485,0.0282385931701,0.28602279226,0.108489556606,0.077235190212,0.15567391413,0.498924793807,0.354138321786,0.353741650065,0.394132903821,0.51675147609,0.125900496556,-0.226072605958
MCPt4,0.0,-0.583297532226,-0.852191621847,-1.0387529017,-2.10001173197,-0.250428574528,-1.70915260816,-1.62599892247,-1.54598740843,-0.142462226637,-0.555050030898,-2.49948894633,-1.99762206137,-1.19343859594,-1.23018778209,-1.1851170717,-1.05679297472,-1.59979385212,-0.420919893952,-0.388158598795,-0.794914243868,-2.020613704,-3.07773810296,-0.0832743544611,-1.1646987005,-3.75822321473,-1.45966962821,-1.58543855915,-0.598351877948,-1.17111544217,-3.20363436305,-0.881706268162,-2.64671489951,-1.93986929372,-1.7060433504,-0.971253532859,-3.28945373151,-3.62306363145,-2.61429342182,-2.78094329123
