0.5,1.0,1.5,2.0,2.5,3.0,3.5,4.0,4.5,5.0,5.5,6.0,6.5,7.0,8.0,8.5,9.0,9.5,10.0,10.5,11.0,11.5,12.0,12.5,13.0,13.5,14.0,15.0,16.0,17.0,18.0,19.0,20.0,21.0,22.0,23.0,24.0,25.0,26.0,27.0
ALDH1A1 (PMID 11751205),0.0,-1.69514058476,0.0465635319156,0.317958405973,-0.234024656036,-0.408858750831,-0.458460005144,-0.402297123244,-1.88034825303,-1.93007768528,-1.04912453379,-1.44272907577,-2.02802273569,-1.11382020257,-1.13551127945,-1.97685999456,-1.3443932956,-1.97071966978,-0.943485186494,-0.939469304184,-1.86821625017,-1.76607893278,-1.20574673879,-1.19352992045,-2.01221222084,0.581242509756,-0.657827706027,-0.770712823857,0.0773495064189,-0.136314338224,0.327896593338,-0.257518857625,0.27976036112,0.898059479792,0.0395091598101,-0.83270984841,0.884971040692,0.607276487387,0.820436392915,-0.209145701791
HIF1alpha,0.0,-0.0139814547694,-0.0829665240322,-0.18251836169,-0.361620414718,-0.0480340873698,0.0125770460511,-0.0237764173705,-0.0350878825763,-0.314230577908,-0.395294894969,-0.283545664664,-0.851446124887,-0.450110179894,-0.140915264408,-0.352248900737,-0.438940622067,-0.177385268931,-0.677607292244,-0.374026620891,-0.780460329179,-0.711229204537,-0.385702798262,-0.699515312563,-0.629838663859,-0.579524699107,-0.196323772653,-0.531987275718,-0.677521862485,-0.663325591332,-0.722730439972,-0.976083648511,-0.442492899282,-0.617944917421,-0.713154314964,-0.524630599309,-0.660114719001,-0.695617304978,-0.53519588617,-0.585844074254
NME3,0.0,0.776995734281,0.168640584278,-0.0915183135675,-0.35325940238,0.942170754798,-0.571230497233,0.317326106068,0.0946972891358,-0.131859615623,0.449921857054,-0.281778964708,-0.260128291738,0.607308703155,0.624869233365,0.61567217609,0.585732602496,0.280531659271,0.665631197491,0.61105156718,1.05324399137,0.352673256108,0.461123654466,0.738079843813,0.777313019314,0.794813823999,0.610161289435,0.451612651477,0.618773889649,0.508716025875,0.44932463266,0.498167859611,0.66211336907,0.371709238733,0.594311766389,0.181043948453,0.540092524825,0.390912060395,0.186907354443,0.183799127265
Acta2,0.0,1.53869299215,-0.197617427143,0.391523904778,0.320880558919,0.750137521238,0.818665985459,-0.262939212997,0.655102484268,-0.0439776970606,0.848842844962,-0.100011731975,-0.481434126169,0.689253652697,-0.0727235166096,0.189309365379,0.0587604085287,0.448442333531,-0.109223721676,1.19680390193,-0.244213704745,0.0737625718679,-0.502857369619,-1.36836144367,0.917733818215,-1.29645145763,-0.609201979535,-0.586152941453,0.683238922494,-0.636319728147,-1.42091989395,-0.318837538291,-0.327173397459,-1.93986929372,-0.94444202351,-1.34399101552,-1.56135767047,-1.48876253973,-1.31765062334,-1.41583101728
Col1a1,0.0,-0.0232534171489,0.434409326244,0.306486312956,0.654159527736,1.00744271764,1.20866402584,1.73919626093,1.01567442554,0.742086970136,1.75573012255,0.592405218363,0.805181491505,1.01405023468,1.27202415063,1.19753561849,1.22213142857,1.52601935692,1.32481091243,1.14515344752,0.783229196261,1.05674577435,0.936310458204,1.12343165003,0.0340711763804,0.856572050029,0.850248526395,0.189433021713,-0.182353685534,-0.415708508236,-0.386637335018,-0.730298296788,-0.20953851486,-0.616815859086,-0.0591097972902,-0.74943006346,-0.394226746223,-0.797457744478,-0.612619942292,-0.829562489153
DLK1,0.0,0.907815358978,-0.00406813421422,-2.39658926514,-3.13817596846,-2.19671321216,-2.45495002862,-1.82147493341,-2.62559583699,-2.64310364653,-1.42352175645,-3.84749675999,-3.79525049363,-3.98780078734,-3.78610099298,-4.50204903291,-5.53768196741,-4.47080325593,-5.51710842745,-6.28915086882,-5.35380512493,-5.82722969816,-6.90432798259,-6.24921850154,-5.3715031052,-6.95481775304,-6.28915086882,-6.09424945194,-5.40216444492,-6.32318719282,-6.85094076984,-5.69631947942,-7.22816566749,-6.70501917437,-6.07050084917,-5.8764512327,-6.85924009306,-7.58392735745,-6.32191216398,-7.64798822933
E2F8,0.0,-0.220016049459,-1.48971418557,-1.04100897353,-0.961976553545,0.333582280353,0.386939179605,0.436285232983,-1.14551692684,-0.260468093196,0.0282613354651,-0.374236968153,-0.794215208703,0.0490998543439,0.185850863929,-1.01290048871,-0.221679098681,-0.0157829972409,0.146427039073,2.19585225609,2.44023457857,-0.436602849114,-0.195297654255,-0.507861532284,0.979158712936,-0.584962500721,-0.389110244635,-0.195297654255,0.502248495361,-0.34857208476,-1.86782511585,-0.870431611668,-1.48172139482,-0.355858438839,-1.43467282202,-0.263890858837,-1.14236349381,-1.02737097152,-0.448237549597,-0.811642280461
FOXF2,0.0,0.871959079594,0.465766407143,0.562447980695,0.587693702888,1.39759780699,1.02939733537,1.64332921783,1.91424476593,1.41410522458,2.27766444592,1.74143214585,1.24982291572,2.04798699691,2.64539623043,2.4028236893,2.69839270415,2.05725248246,1.53180456483,2.76165544938,2.63575139216,2.31014970485,2.73875387458,2.56959659454,2.15808536123,2.85852079604,1.60274633196,1.32197779929,1.82776651811,1.81235228615,1.20664968479,1.04850776037,1.5532186628,1.72994007472,1.27633122845,0.844125753188,1.80604068474,1.32376601813,0.49091944004,1.00793100113
NEG_E,0.0,0.362570079385,0.192645077942,0.308122295362,0.440572591386,0.65207669658,-0.222392421336,0.362570079385,0.584962500721,0.0995356735509,0.836501267717,0.362570079385,-0.222392421336,0.192645077942,0.836501267717,0.777607578664,-0.222392421336,-0.48542682717,-0.48542682717,-0.48542682717,0.280107919193,0.362570079385,0.893084796083,0.777607578664,0.192645077942,1.0,0.65207669658,0.0995356735509,0.0,0.0995356735509,1.19264507794,0.362570079385,0.192645077942,0.893084796083,0.777607578664,0.893084796083,1.0,0.836501267717,0.51457317283,0.716207033999
PRIM2,0.0,-0.636827077057,-0.574082345091,-0.358892349973,-1.05757153068,0.746592971772,0.00433486160015,-0.355416812179,-0.47741754646,-0.131438357932,-0.608626102306,-0.568639347494,-0.379746731907,-0.392928058637,-0.287277353168,-0.796845098276,-0.691648130661,-0.06962300644,-0.786043620105,-0.614014712372,-0.492989764694,-0.563016364158,-0.823247475484,-1.25810451806,-0.0937426613564,-1.20772463295,-0.568840574224,-1.0749005561,-0.512791206761,-1.13054698006,-1.36551902808,-0.559013323186,-1.00027136181,-0.64762590154,-0.96012700656,-1.49566531594,-0.69823679354,-1.0155496669,-0.747951210946,-1.05109129599
SFTP-D,0.0,-1.51308311768,0.472966064036,0.177181234924,-0.322691353532,-0.64454750548,-0.821370990739,-0.702024226857,-1.44352923121,-1.91578532162,-0.927373913695,-1.2600569907,-1.34454955988,-0.807233108823,-0.757028525313,-0.339959453234,-0.79359604593,-1.02519143119,-0.841118410181,-0.909644286959,-0.889482120601,-1.14807266594,-0.12151646604,-0.815320444927,-0.958888865451,-0.439632189368,-1.04208015794,-0.172203280328,-0.145128488697,-0.251685085376,-0.0866458743291,-0.257700512017,0.769241062889,0.211696663818,-0.0295367144932,-0.28574868147,0.150522240412,0.134544858264,0.219000726557,0.0904764877354
TBX4,0.0,-0.0489054132886,0.148818147041,-0.850305899658,-0.571666792133,-1.63550184157,-0.0727165645984,0.387144546755,1.03881602511,0.0741948543712,0.885827551506,0.485131898621,0.842671207687,1.00859578324,0.75624057321,1.17050504443,0.956423395745,0.908322743846,0.684916368257,1.10036924348,0.919215438025,1.0029113506,0.896629892799,1.49490178222,1.06621423853,1.1010486917,0.825026883612,0.237903658181,0.531485819834,0.703006119316,0.192189648233,0.245708134691,0.446446715636,0.466446366053,0.0500020455601,0.499203714797,0.494987946702,-0.0337854360005,-0.269435738946,-0.414187748294
PTGS2,0.0,-1.85251882091,-0.666217990518,-1.6975543271,-1.45425342274,0.0102246710105,-0.901087721183,-1.94080535333,-3.16378150724,-0.826810380048,-2.06220380215,-2.84922875098,-2.50836480779,-0.771918262035,-1.26153024519,-1.45863376238,-2.79916939632,-1.66224312377,-1.197899139,0.135076158196,-0.596638744268,-2.33268513162,-1.65289129071,-1.92167349315,-1.09787532637,-1.42395787754,-2.03484884325,-0.518781423737,-1.66007962168,-1.69804747188,-1.08863192743,-0.931207709559,-0.125468695613,-0.466804132959,-1.50642003773,-0.518454763475,-1.09494995523,-1.36110496802,-0.0973873523945,-0.352636538441
ADAMTSL2,0.0,0.125325530857,0.00408228417371,-1.24073999892,-1.98163706596,-2.33724132112,-2.04400916457,-2.17166207451,-1.59784404314,-1.80923217284,-1.94301159891,-2.138242925,-2.18458749203,-1.21451163672,-0.521341130762,0.608954286881,0.37926097904,0.197278702989,-0.0902971688185,0.772258924161,0.187329211591,0.27069548465,0.24290227038,0.913988951229,1.26464819536,1.10333871742,0.814330144422,1.87962724115,2.36012574864,1.5735869228,1.83535391328,1.28414092959,0.530600869348,0.804231493562,0.603104247331,0.771668609981,0.710527605168,0.157915855028,1.13203563332,0.33661491942
Serpina3,0.0,0.200290817989,-0.598987927533,-1.18747819381,-1.4304872475,-0.0984484880881,-0.785787689641,-1.45404901266,-0.618985362066,-0.293035543765,-0.585914460532,-1.51318413675,-1.30866619548,-0.0895703367416,-1.43906283273,-0.317335790238,-0.927819266745,-0.185953782148,0.189760824724,1.02619534238,0.00927510234385,-0.0648803138649,-1.35065586344,-0.612504241369,0.440038235145,-0.340444904151,-0.560429488977,-0.23289868786,0.710845801167,0.295377556642,-0.473003338385,-0.107989255298,-0.392793324166,0.21019620111,-0.559494192322,-0.0876214576037,-0.498470291441,-0.447689697432,-0.857161754999,-0.799341100611
