0.5,1.0,1.5,2.0,2.5,3.0,3.5,4.0,4.5,5.0,5.5,6.0,6.5,7.0,8.0,8.5,9.0,9.5,10.0,10.5,11.0,11.5,12.0,12.5,13.0,13.5,14.0,15.0,16.0,17.0,18.0,19.0,20.0,21.0,22.0,23.0,24.0,25.0,26.0,27.0
EGFR (Epidermal growth factor receptor) (PMID 22916088 22245996),0.0,-1.374238959,-0.914014656347,-0.753082351551,-0.435513104566,-1.12886790177,-0.478498744968,-1.60721843654,-0.365932366468,-0.785330903194,-1.48301328409,-2.14537554141,-1.9629522842,-1.5529686027,-1.39144959087,-0.526714256447,-1.78072900124,-1.44669843196,-1.57640406054,-1.85212652252,-1.5350654455,-1.8519707996,-0.908660217726,-1.37189265871,-1.85352878576,-1.58945553556,-0.788903774795,-0.361658369222,-0.846143290501,-1.97053966531,-1.42186898675,-2.37491003199,-1.46897438928,-1.77304249308,-0.346441787036,-1.83632873781,-1.70087113319,-1.86259843544,-0.351661284661,-0.0114328355651
Ctnna2,0.0,-0.0475975823468,-1.67852876743,-0.441932726342,-0.494591675614,-0.572832570802,-2.08708223314,-1.58648593808,-0.137693865467,0.186828328102,-0.923641265266,-3.28065181931,-1.49781317686,-1.41224870209,-1.14230780906,-0.714929675284,-1.33819746511,-1.22620403529,-0.759987812082,0.289437404931,0.704708482295,-1.22353484851,-2.56380158644,-1.69076543995,0.423766181947,-1.75612517245,-0.107032334309,-0.515117072946,0.0796043942376,-1.31055330502,-1.83269969756,-0.276496189818,-1.27143328928,-1.77945767628,-1.1901457751,-0.201481605875,-1.4031592388,-2.15836138951,-1.68708352802,-2.5773693514
HPGDS,0.0,-0.362392785314,-1.37746944657,-0.0462414895823,-0.25392845191,0.132711563892,-1.15830525447,-1.41868276261,-0.80741698013,-0.925503050053,-1.48453348679,-1.89748867388,-1.05000563912,-0.554263090585,-1.2275315875,-1.33176652986,-2.20218006385,-0.725510013673,-1.06135737541,0.994528645244,-0.734155094716,-1.32864583853,-2.31994364472,-2.30760229452,-0.797459855552,-1.99306633387,-1.72345927411,-1.61759837216,-0.641407028691,-0.81831846045,-1.55426309059,-2.37424842483,-1.78030513451,-1.39498833335,-1.96566017652,-0.851078208926,-2.01999609337,-2.06187549178,-2.44818127252,-1.98125703158
Claudin5,0.0,-0.303745575575,-0.0447344823397,-0.503801378501,0.574888839609,0.12211219892,0.213569797344,0.0767403339567,0.792336496311,-0.0410209795407,1.26462550385,0.295539254226,0.461426891066,0.583785784127,1.26680155304,1.77094292123,1.23217395598,0.419145937751,-0.0369268506643,0.574643754236,1.35630350596,0.664190894767,0.815821532663,0.705527243549,0.964188425194,1.02815096684,0.366320370613,1.59309713208,1.14509265555,0.915596817517,0.547031424355,0.0868006087103,1.1923750759,0.788555132378,0.580575368779,0.433610471929,1.01613842419,0.344684294588,0.523374133902,0.441113644252
GATA-6,0.0,-0.433992088867,0.0146577797059,-0.126856660984,-0.166246571356,-0.988375091213,-0.637631670751,-0.31589728254,-0.248345816098,-0.530572356716,-0.53184678927,-0.58174983175,-0.420598827227,-0.702615784637,-0.489499568812,-0.757743450952,-0.490665324173,-0.770606649203,-1.46917805653,0.221317467825,-1.4076039776,-0.888578717332,-0.740913489299,-0.983751229355,-1.03608567093,-0.266015106669,-0.431891178286,-0.772023313159,-0.557498403539,-0.604837201612,-0.981086403998,-0.799478496447,-0.387106923586,-0.666652845657,-0.714881126153,-0.789491294535,-0.71846165105,-0.7878782432,-1.28523039323,-1.14211739181
NEG_B,0.0,-0.48542682717,-1.22239242134,-1.39231742278,-0.392317422779,-1.39231742278,-0.807354922058,-0.222392421336,-0.807354922058,-0.304854581528,-0.584962500721,-0.222392421336,-0.48542682717,-0.517848304863,0.131244533278,-0.144389909335,-1.80735492206,-0.932885804141,-0.932885804141,-1.07038932789,-1.22239242134,-0.0703893278914,-0.691877704638,-0.48542682717,-0.584962500721,-0.584962500721,-0.584962500721,-1.39231742278,-0.144389909335,0.0,-0.222392421336,0.131244533278,-0.807354922058,0.607682577221,-0.392317422779,-0.584962500721,-0.222392421336,0.308122295362,-0.144389909335,0.131244533278
Robo1,0.0,-0.166758518356,-0.187551721937,-0.422985598791,-0.625850636199,0.358984297368,0.0706428102852,-0.0341824190369,0.553618539133,0.460320077889,-0.239055968362,-0.0607904588954,-0.322896346629,-0.0927072330524,0.357322989103,-0.223602837584,0.113323835189,0.191943160216,-0.13952791061,-0.686089216889,-0.956993910032,-0.64691444824,-0.506781697414,-0.600092827321,-0.357077193626,-0.452792421274,-0.101853645483,-0.952678673582,-0.949497426337,-0.684066128749,-0.820481471284,-1.62093006543,-0.946882832667,-1.47387741562,-1.57926300505,-1.54609614111,-1.61914491976,-1.631987544,-1.09016346359,-1.59555167048
kcne1L,0.0,0.886239255169,-1.37851162325,-0.144156293426,-1.33227003911,0.748838654861,-0.749171657758,-1.7722724629,-0.268625761533,-0.52731228466,-0.462089575688,-1.54432051622,-0.534183364679,0.0952876555018,-0.267862026713,-0.0169036613044,-0.60234746146,-1.37193147483,0.284800462314,1.02576870802,0.204250808355,-1.27743789514,-1.87320137175,-0.95504870345,0.230432760169,-2.17151125233,-0.0136990952581,-1.08421646922,0.256944282825,-1.04770740008,-2.27513388341,-1.04967515902,-0.986743903298,-2.8478700818,-0.978598372199,0.108974726095,-1.48276584571,-2.44429169789,-1.2432582092,-1.54802448499
TTF-1,0.0,1.3132149761,0.391239522558,0.754903556743,0.27094528884,-0.121776352103,0.0860699459317,0.577574523105,0.0463237671389,0.433643174118,-0.515651073051,0.23670025802,-0.481842102597,0.516583101031,0.488247854212,0.276324070109,0.507951826253,0.463940597604,0.281040865944,0.324890028585,0.801957349394,0.484906562094,0.385477080328,0.521966636287,0.94445643927,0.255994947374,0.631622051649,0.564795608276,0.18341508576,0.912894732187,0.762026978873,0.706688228934,0.836886143121,0.291278839417,0.603996033756,0.433835726009,0.756957069354,0.259692773099,0.3625989775,0.0553626100494
FOXD1,0.0,0.122520810627,-1.1941832772,0.272079545437,-0.823268331151,0.746681598715,0.523534432376,-1.561728172,0.907523495395,0.927631068844,-0.788956360014,-1.54685489552,-1.58622913385,0.669712726038,0.295479329211,-0.990535533249,0.54104308223,0.941541459374,-0.00952696643341,1.60819682945,0.66639267339,-0.540395744793,-1.52300815356,-0.93743935107,0.0219879398422,-0.25633975326,0.438271828003,-0.367098884714,1.09848022318,-0.365466876575,-0.739499973458,0.168306328332,-0.330817969219,-1.26544196037,-0.449416969903,0.760573629677,-0.472068444315,-0.827755722143,-1.31655727609,-0.5928972641
AMACR,0.0,0.0895515849783,-2.15016174662,-1.10190657801,-2.38735116989,0.743489145229,-0.331435180632,-2.73933649863,-0.552635784436,-1.39605336369,-1.22128733125,-2.26388748265,-0.535366066121,-0.38859113132,-0.666087516598,-0.640011760825,-0.91312254932,-0.442299579283,0.162906371346,1.19015552592,-0.250862080754,-1.89450687115,-2.88923192911,-2.09852076317,-0.171880716259,-1.95384101054,-1.33262798354,-1.42374993062,-0.605000253958,0.432345102374,-2.22571277963,-1.23349013022,-2.33382177347,-3.26844576462,-1.58212254894,-0.395430034646,-1.50613732234,-2.35790739199,-2.5666019636,-2.29377705457
NDST1,0.0,-0.72392534513,0.105511917206,-0.332263372337,-0.021902646332,-0.560935740051,-0.547691015503,-0.401170561113,-0.337001221882,-0.766089605124,-0.530709011814,-0.502420673119,-0.511268575037,-0.539178073461,-0.338829662422,-0.167803785834,-0.218554520306,-0.0225413800457,-0.963593004318,-0.723156799546,-0.449395218009,-0.379440282694,-0.525321788023,-0.0729634838328,-0.268592619809,-0.101682959053,0.0260913479795,0.0241504718504,0.0219468251275,-0.585132332781,-0.201154036397,-0.274103876885,0.0357444829598,-0.340087065658,-0.0153400938136,-0.229751244203,-0.0689333668865,-0.44129339203,-0.574190808955,-0.680254825819
Nol3,0.0,2.09628786503,-0.874741761787,0.240043128158,-1.31906844075,1.53108081246,-1.16992500144,-0.845055631243,0.145363217052,0.0162650543628,0.492071174335,-1.08766731932,0.125258238213,1.55558617316,-0.655351828613,0.594743521514,0.448385580917,1.26521370389,-0.656640524581,1.39278469243,0.536729586482,1.35139500383,-0.429283749133,0.809689758367,0.433322852307,-0.27288219179,-0.296794811734,0.839703699755,0.182591413278,0.714712787319,-0.050772125879,1.05614307804,0.132737233919,0.766111939826,0.206887000518,0.514000561177,0.863722736452,0.444183844938,0.694640184693,0.300837613624
GFPT1,0.0,-0.342586947831,-0.0525012548007,-0.359164670643,-0.113271203113,0.0125066946449,-0.480604596138,0.0348605745814,-0.555993733727,-0.939180045454,-0.201907946733,-0.6162451086,-1.30323665706,-0.416789498541,0.293746228172,0.221690788859,-0.0929114860854,0.0153905589358,0.0823352752005,-0.640427386476,-0.684251460226,-0.256858466095,0.0815261209377,-0.241859596245,-0.127047311018,-0.214307523276,-0.702253647606,-0.296419046684,0.135436215769,-0.71035843556,-0.720295165833,-0.744962085574,-0.200463873138,-0.380214080267,-0.27899498174,-0.671191174735,-0.378505913691,-0.666018104849,-0.738946272007,-0.605433128523
