0.5,1.0,1.5,2.0,2.5,3.0,3.5,4.0,4.5,5.0,5.5,6.0,6.5,7.0,8.0,8.5,9.0,9.5,10.0,10.5,11.0,11.5,12.0,12.5,13.0,13.5,14.0,15.0,16.0,17.0,18.0,19.0,20.0,21.0,22.0,23.0,24.0,25.0,26.0,27.0
GUSB,0.0,-0.773610062105,-0.33036366884,-0.0823821469345,0.194016024975,-0.320024982337,0.101197260124,-0.210411535675,-0.463199930329,-0.308860912944,-0.61534193813,-0.485372417672,-0.793277095561,-0.443827937909,-0.604822384364,-0.569134565716,-0.431912384717,0.00759743360909,-0.304598554723,-1.19517349515,-0.0167831372079,-0.508664904233,-0.400810007857,-0.320024982337,-0.111281622512,-0.418881580779,-0.130113583245,-0.470343550652,-1.47348791143,-0.434483706922,-0.650639420339,-0.312910585893,-0.614369818414,-0.724535107387,-0.823610620144,-0.733252324489,-0.857386002732,-0.657489023905,-0.708738474583,-0.406448119795
actb,0.0,-0.477870055532,0.16144089999,-0.0487114606854,0.299456096681,-0.00946205774625,0.132809694135,0.13656137358,0.205144906581,0.169546340834,1.04658232441,-0.0906419471641,0.232849953268,0.390366088384,0.384685153546,0.806696799135,0.616020584282,0.469468817993,0.322181512322,0.35251447661,0.717950928521,0.558613066175,0.392405378669,0.230305944653,0.317294988501,0.214797883757,0.219293074892,0.347345773765,0.566964674965,-0.0388540932641,-0.0549002101791,-0.0764835726405,0.127969631892,0.127501889706,0.13976758628,0.212974593194,0.181346049732,-0.104779566398,0.00525864986471,0.0288888298721
N-Cadherin(CDH2),0.0,0.203004126179,0.26432283621,0.0283941634112,-0.102172753578,-0.442545694076,0.641698566098,1.03630573669,0.537754614867,0.617705643164,1.11163712811,0.534143772152,0.410598479946,0.869799514129,1.16068070801,0.895334606236,1.03891401272,0.457277461523,0.48236395986,1.69903867428,0.527060014071,0.545275480934,0.820502186767,-0.0171160086841,0.10683871143,0.364116057815,0.644060829732,0.403059652003,0.526481895433,-0.575415851489,0.0911745987648,0.0951901434534,-0.157102014051,-0.175796954076,-0.507028876509,-0.391551659089,-0.673344051115,-0.734191941764,-0.562003544111,-0.420401791916
Chi3l1,0.0,1.35182776963,0.237542803109,0.847489433532,1.23700045111,0.953282730383,1.21324798974,2.03833153922,0.503320278442,-0.16788675914,0.863272564651,2.0882684611,0.123291582631,1.08398576177,1.38141250125,1.02555752364,1.00407360903,0.112068257595,0.40774320687,-0.355031242266,-0.202078397842,0.331697596651,3.30132394761,0.93017527976,1.09617897958,1.71106492197,0.934131980205,1.92724864391,0.570746833004,2.03023062315,2.62885652976,1.71594758314,3.66237525884,2.60767591779,2.94221103317,2.39991971145,2.98508985228,3.52453315872,2.85745391957,3.03433879029
NEG_A,0.0,0.938599455336,-0.125530882084,0.152003093445,0.11547721742,0.874469117916,0.415037499279,0.584962500721,0.584962500721,0.0,-0.263034405834,0.584962500721,0.222392421336,0.874469117916,0.222392421336,0.415037499279,0.222392421336,0.0,0.0,-0.263034405834,0.0,0.321928094887,1.05889368905,0.222392421336,0.662965012722,0.736965594166,0.222392421336,0.874469117916,0.0,0.415037499279,0.662965012722,0.736965594166,0.415037499279,1.0,0.502500340529,0.321928094887,1.11547721742,0.736965594166,1.0,0.0
EXT1,0.0,-0.296292759264,0.0129630930989,-0.217796740828,0.223506550379,-0.0429388623065,0.740313234274,0.14717100907,0.446638260445,0.25128380864,0.555582160851,0.468563166112,0.161880929582,0.577114860891,0.47030919399,-0.081195793674,0.422326482872,0.557263384302,-0.268031881884,0.197294004451,-0.0481557512457,0.2409996467,0.227547847231,0.24596558007,-0.189743863508,-0.232998696226,0.212784709078,-0.216945040561,-0.214966778777,-0.377045388709,-0.412073620275,-0.490799261228,-0.337422532531,-0.663835206995,-0.308556672608,-0.866287529642,-0.325187149919,-0.642407793698,-0.583918959959,-0.599984956764
Wif1,0.0,1.05085090574,0.0250488209359,0.417887469244,0.676032759839,1.52618201305,1.25109855559,1.04335636919,1.7357424529,0.445882290632,0.603856812474,0.795428855751,1.21046635503,1.82793382032,1.50623528945,1.85702506518,1.87824319342,1.3509766274,1.16938151112,2.97264073702,1.92964123736,1.46401841767,1.16466266542,1.09004960464,0.888626312572,0.828851857288,1.03741200545,1.0965439399,1.46313178748,0.568018359648,-0.225384154985,0.0629958644338,-1.28968775789,0.320297009308,-0.346590149122,-0.567946523706,-0.10741688002,-0.977356339456,-0.519238318498,-0.906890595609
PDPn(Podoplanin),0.0,-0.313604768864,0.478576693339,0.0978278395979,-0.0747357644992,-0.344820326057,0.0589471707329,-0.0537280045779,0.461037905356,-0.0937533209569,0.0948284604901,-0.0393818720249,-0.36371659206,-0.204486612846,0.377019508205,0.203873485016,0.338941832258,-0.0310470809485,-0.0956173451581,-0.0680624807075,0.456606157158,0.157607872645,0.762192580682,0.644099812481,0.801314883876,1.07518488493,0.813834672896,1.2639069494,1.5410314057,0.549062485045,1.06362804254,0.924736080299,1.4851721253,1.04562261713,1.05267632145,0.986135809759,1.48109342899,0.853964208196,0.882005850489,0.327177661715
TCF12,0.0,-0.429896325986,-0.0901704678548,-0.293282639038,-0.256378487396,-0.371676093524,-0.0947471706841,-0.236431955979,0.0447404018917,-0.686836779848,-0.18436491846,-0.368566378814,-0.609503880826,-0.605005607524,0.0882121220057,-0.389974802775,-0.22156330456,-0.283376961568,-0.622662430315,-0.422585200592,-0.213615252103,-0.645747401426,-0.467207232683,-0.306217468919,-0.620685184554,-0.527764973663,-0.524143077318,-0.426438211983,-1.05211303818,-0.849840893239,-0.728813597776,-0.916399065369,-0.804773472938,-0.822747919948,-0.854628738917,-0.986881283581,-0.661446087784,-1.02855165382,-0.985635503025,-0.896768863917
Hist1h1b,0.0,1.82895071128,-0.939254562592,-0.0824551553048,0.233408001419,0.795517235233,2.51763185933,2.0682044792,3.04498941338,2.58657914372,2.33135246518,2.26863038091,2.7446586716,2.34811750966,2.2979247498,2.09031102395,2.28486166231,2.32840358433,1.25282667404,1.25666927193,0.203884333966,0.520716683896,1.05591352885,1.15864750685,-0.363684790034,0.586192504406,0.881154748994,-0.596109981795,-0.946694986721,-0.819252642381,-1.79013151154,-1.30035744462,-2.15564634831,-1.37963144143,-1.01797400791,-2.02874540635,-1.11574517989,-0.952675078354,-0.552144133056,-1.18824570778
PDGFRb,0.0,-0.00892487659885,-0.0184432262211,-0.124565416585,0.296960119652,0.71572195861,-0.0822434540533,0.336094042621,1.03431479015,0.498777254486,1.72249821707,0.476711909564,0.594140430148,1.57412113187,1.0379411183,1.71988022398,1.9603176212,1.17552107358,1.67054935665,1.9399383407,2.35920938198,2.0720704299,1.45105326574,2.12332145871,1.95908860431,1.94656825777,1.01282404036,1.64411113544,2.15473609941,1.68445685939,1.00218947069,1.11230706465,0.935779117056,1.47250691309,1.16128218392,1.42240542689,1.01308725784,0.906323888328,0.521898160977,0.452752238919
F13A1,0.0,-0.117111881278,-0.867257014632,-0.205146615806,-0.594868380546,0.434030144681,-1.85966785962,-1.52238058677,-1.36547300731,-0.744074197224,-1.77633690146,-2.48453723563,-1.98011568007,-0.932456103374,-1.57692054695,-2.06542020816,-2.61559650636,-1.32694229394,-1.40064916711,-0.163543226262,-1.62157394331,-2.28297104149,-1.85211841779,-2.86725701463,-1.63360363217,-1.72257726199,-2.16354322626,-1.77538462747,-1.18140673619,-1.44198355963,-2.33323464962,-1.17825674577,-1.42433684204,-1.79021597887,-1.08298570569,-1.12664364345,-1.32833822539,-1.61900915145,-2.1139485706,-0.566175704651
rplp2,0.0,0.706906980869,0.567710086886,0.143159208023,0.0202739797783,-0.0403716788404,-0.0146200319522,0.630783663145,0.36615049291,-0.317773344906,0.0216430425961,0.20168513947,0.181466170839,0.277248265053,0.294831577056,-0.0247962705521,0.332431180323,0.155628532752,-0.209043902258,0.428978832347,-0.265358427315,-0.202032298682,0.0788202885682,-0.155633287063,-0.932390293793,0.141987880904,0.223578843629,-0.12118904852,-0.730341118091,-0.318524893249,-0.287740022514,-0.593308069107,0.226449165473,-0.480220566805,-0.00814787122308,-0.583770466761,-0.186170933786,-0.288092004716,-0.381899227672,-0.278459542722
ipo8,0.0,0.397604681282,0.502294177425,0.297590347819,0.081012030409,0.334772581019,-0.0522030425692,0.389106007927,0.666669717178,0.318315214804,0.362195061176,0.104261194396,-0.379524396227,0.294771482051,0.530065348983,0.247374061662,0.408109192961,0.109804929551,0.0816254472476,0.737043470339,0.257616030048,0.0158773570498,0.0939609466639,0.348090175787,-0.157566238188,0.216204535363,0.48254988136,0.168496526106,0.0768338646787,0.57919665503,0.255660422343,0.676935733002,0.395435362925,-0.11547721742,0.115327443733,0.226558450916,0.0598746217575,0.155852926834,0.165953516803,0.263358862158
