0.5,1.0,1.5,2.0,2.5,3.0,3.5,4.0,4.5,5.0,5.5,6.0,6.5,7.0,8.0,8.5,9.0,9.5,10.0,10.5,11.0,11.5,12.0,12.5,13.0,13.5,14.0,15.0,16.0,17.0,18.0,19.0,20.0,21.0,22.0,23.0,24.0,25.0,26.0,27.0
integrin subunit alpha 8,0.0,-0.642497009382,-0.117249534644,-0.831581508458,-1.0190614192,-0.348921392159,-0.689338289126,-0.55195373862,-1.1259103556,-0.762974855494,0.152941861384,-0.588677198727,-0.709734735089,-0.621991840447,-0.0239253222556,0.0209473562286,-0.333743749793,-0.326165940237,-0.530862563606,-0.551387287224,-0.155476733893,0.0887625461299,0.229990960952,0.278684171703,-0.145781800462,0.805078593041,0.541283136728,0.788796887596,0.817981706996,0.576202187949,0.94800483055,0.297169558192,0.873330397807,0.765252837665,0.550574057669,0.448442800709,0.926877816295,0.520823965854,0.596356309464,0.283835750899
NFATC3,0.0,-0.178278659495,-0.399929576263,-0.385996033936,-0.203690807374,-0.471896107341,-0.36740149005,-0.934573269584,-0.143437274558,-0.751783506267,-0.796579870736,-0.50457958019,-0.756288803255,-1.08397324277,-0.443363279363,-1.58957056669,-0.502685865142,-0.408472940477,-1.03728334713,-0.747541383398,-1.96033125467,-0.827192127968,-0.614348139727,-0.750909107756,-0.804463822943,-0.83617268267,-0.37556128014,-0.580221175584,-0.531892290551,-0.842944976121,-0.664511780634,-0.825218626624,-0.602131423758,-0.272115948385,-0.596510380877,-0.762695487743,-0.731928452944,-0.695541233157,-0.735877663392,-0.967713746779
Kcnma1,0.0,-2.08538225807,-0.986810845472,-1.08110443421,-1.38420123904,-1.58080433056,-0.0524253582011,-0.0910162207603,0.00302531181035,-0.2186747015,0.69088589515,-0.703661078341,-1.50578493661,-0.583827265221,0.175173232136,-0.534010119077,-0.593886220286,-0.413650110489,-1.76795957184,0.866428145898,0.134713243435,-3.12446442331,-2.04108550955,-1.4395994777,0.740670727731,-2.49934911163,-0.722276756509,-1.59445769783,-0.0325419338705,-1.46864104868,-2.35873549227,-2.05517596922,-2.97709065554,-2.27024504975,0.220714963155,-1.30162928889,-2.34520710743,-1.94030398528,-3.55610388993,-3.03797289768
tbp,0.0,-0.166949437823,-0.460468037533,-0.248157764418,-0.750555566772,0.457153657955,-0.177846565743,-0.676932703629,-0.0829802765706,0.0132350386887,-1.21785247821,0.039010247808,-0.172387713129,0.144420058528,-0.218856930689,-0.266872880504,-0.134553808163,-0.0572398405439,0.345664434198,-0.266042074238,0.912348283705,0.341445825686,-0.669498243794,0.278207248764,0.446295833578,-0.359539128682,0.428443625432,0.199191830466,0.716094415831,0.169713939453,0.209980626377,0.312677686146,-0.229142491427,0.204596313526,0.133809845201,0.339127147268,-0.183718348537,0.0543902247237,0.338990638298,-0.0098761710769
Dnmt3a,0.0,-0.677072858203,-0.0863606159034,-0.769776498271,-0.43519958176,0.112469630306,-0.511793286545,-0.628021951837,-0.554588851678,-0.983069264121,-0.317676747276,-0.688531973578,-0.663279481835,-0.288113578766,-0.61203537933,-0.369828809072,0.0566933475824,-0.867297462514,-0.0697826811927,-0.0260341464442,-0.209953786228,-0.127878304762,-0.589610016952,-0.17718373113,-0.330827649365,-0.29085563496,-0.578450571856,-0.135923716592,-0.0408546989593,-0.285003918897,-0.794031903276,-1.08257614108,-0.681645587992,-0.931393975934,-1.04505713432,-1.13402005538,-0.893011955874,-1.43920381041,-1.66247219904,-1.69479096405
TGFB1 ,0.0,-0.798242003528,0.276818737268,-0.0166426288778,0.00360211176289,0.145717924305,0.10563729623,-0.0376038954179,0.014999399649,-0.0603533520164,0.655683350783,-0.0234827871733,-0.0389412959866,0.114378632021,0.0941390503062,0.469799714465,0.252047610329,0.0941859771376,0.248636534166,0.0639321343574,0.0385031480612,0.383154977393,0.415287936733,0.441861221444,-0.0974940873635,0.593170863999,0.353782866939,0.713065252949,0.773272301751,0.405299413709,0.239373409156,0.319712334961,0.379077935187,0.559985466868,0.471751549512,-0.106310375436,0.656446277845,0.155780078848,0.119767171312,0.313840683114
NEG_F,0.0,0.106915203917,-0.308122295362,-0.0759488532333,-0.530514716699,-0.700439718141,-0.176877762084,0.206450877467,-0.241008099504,0.547487795302,0.299560281859,-0.241008099504,-0.530514716699,0.0721497857558,-0.308122295362,0.0544477840224,-0.893084796083,-0.176877762084,-0.793549122533,-0.378511623254,-0.893084796083,0.106915203917,0.0,0.157541276986,0.343954401217,-0.241008099504,-0.176877762084,-0.11547721742,-0.11547721742,0.253756592246,-0.241008099504,0.206450877467,0.106915203917,0.469485283301,0.509013647488,0.547487795302,-0.176877762084,0.0,0.157541276986,-0.241008099504
Eln,0.0,-0.453091038869,0.662321939277,-0.503513115302,-0.799652936461,-0.616874713016,-0.936132458652,0.316330746198,-0.457399241305,-1.13011209339,0.35532114517,-0.0679866414997,-0.469719923423,0.796229591512,1.13900238379,1.11560221179,1.71900855223,1.23338707276,1.58603518094,1.5177995647,1.34049506043,1.45732975497,1.82031627383,2.18111521636,1.40039679756,2.1539105628,1.78505672262,1.11773687826,1.71019802799,0.336992909319,0.174376190366,0.151939527487,0.101488107612,0.144612758641,-0.0476256235042,-0.435216175413,0.0773302870183,-1.02181189046,-1.35842019114,-1.62177271026
Igfbp3,0.0,-0.00501395261545,-0.0270374490598,-1.60724784324,-1.69341159633,-1.22171510208,-1.97518833588,-2.06524764391,-3.09578336985,-2.51610372748,-1.87888453238,-3.78004075074,-3.93612423398,-2.95513193819,-2.40493103048,-2.26305260686,-2.2929182625,-3.17302247872,-2.08428876013,-1.5528342897,-1.52402084361,-1.84296404363,-2.50331961401,-1.74047859859,-1.24986265727,-0.813663174526,-1.82297057165,-0.580328718542,-0.137652172163,-1.54688355834,-1.01239941498,-0.914292293918,-0.377480606912,-0.527689602652,-0.62833460299,-0.501171275401,-0.660674023787,-1.23779343207,-1.38911307379,-0.931025547406
FGFR2,0.0,-0.320141181947,-0.187180601296,-0.452639484328,-0.347310531303,-0.657319350801,-0.692680491117,-0.657804589342,-0.557665088204,-1.25118358708,-0.422894527476,-1.02010892264,-1.23540499584,-0.650757723214,-0.40143850112,-0.523473839481,-0.840592134082,-0.816825918415,-0.91883439853,-1.79571260325,-0.906480498769,-1.14362781576,-1.10644793937,-0.722317350897,-1.25540012048,-0.538996200172,-1.05403768718,-0.293097090446,-0.408668539044,-0.475529969917,-0.397583737784,-0.556232009755,-0.0788943053243,-0.333290439465,-0.443419017705,-0.513485939091,-0.526350820882,-0.660557361454,-0.41398685941,-0.762195848707
Claudin 7,0.0,0.193835836115,0.277742887276,0.140964821993,-0.154122426617,0.510550308707,-0.152003093445,0.207740515963,0.0940712469231,-0.209838282266,0.976125156497,-0.408406200407,-0.42898428199,0.477164828622,0.336399514161,1.0308958717,0.709882356138,-0.107569482277,0.803579878366,1.08276350471,0.16731614894,0.353713447552,0.0326169515821,0.374898108426,-0.0290266646241,0.465178143326,-0.105675145591,-0.0177020017335,0.651996722354,0.237270209052,-0.494191672832,-0.515620805612,0.128143156049,-0.129053948648,-0.373228494321,0.306717487701,0.349577014209,-0.394463267327,-0.134998577195,-0.579913117808
ITgam (CD11b),0.0,-0.465482658807,-0.791162888555,-0.381064922243,-0.910558984467,-2.06097582702,-0.254915672867,-0.65844896621,-1.38531231012,0.202954794559,-0.177066565623,-0.0677863591368,-0.554749996904,-0.0385034872837,-1.20933463856,-0.762796334905,-0.534561041546,-0.362104918961,0.220297341441,1.1232222436,0.394744942081,-0.949860634574,-0.883771444116,-0.685254379984,-0.415399394437,-1.86437273551,0.0220838721907,-1.22637826977,-0.131464244512,-0.881269804785,-0.644382098568,-0.082653740438,-0.371904922958,-0.488904773808,-1.04241096318,0.000271361806667,-0.272181959385,-0.250389059881,-0.482823858416,0.463668900926
Hist1h2ab,0.0,2.00929275381,-1.07494134062,0.529857193725,0.385110082918,1.19380995087,3.03807883101,2.60527705225,3.30262313564,3.03593337151,1.60880499734,2.98839714559,2.9079433365,2.67904000211,2.2928398831,1.3452016033,2.3834732212,2.62192693236,1.84748607924,1.98149530264,1.01186348692,1.29389645427,1.68584416515,1.58461717248,0.776279771248,0.974395540551,1.73630508177,0.634096520239,0.207218936362,-0.0891957112072,-0.634957484206,-0.586128314959,-0.772179533945,-0.714949751114,-0.570084244149,-1.59158127247,-0.583021568045,0.046879612363,0.502728821128,-0.0148370486464
ALDH1A1 (PMID 11751205),0.0,-1.69514058476,0.0465635319156,0.317958405973,-0.234024656036,-0.408858750831,-0.458460005144,-0.402297123244,-1.88034825303,-1.93007768528,-1.04912453379,-1.44272907577,-2.02802273569,-1.11382020257,-1.13551127945,-1.97685999456,-1.3443932956,-1.97071966978,-0.943485186494,-0.939469304184,-1.86821625017,-1.76607893278,-1.20574673879,-1.19352992045,-2.01221222084,0.581242509756,-0.657827706027,-0.770712823857,0.0773495064189,-0.136314338224,0.327896593338,-0.257518857625,0.27976036112,0.898059479792,0.0395091598101,-0.83270984841,0.884971040692,0.607276487387,0.820436392915,-0.209145701791
