0.5,1.0,1.5,2.0,2.5,3.0,3.5,4.0,4.5,5.0,5.5,6.0,6.5,7.0,8.0,8.5,9.0,9.5,10.0,10.5,11.0,11.5,12.0,12.5,13.0,13.5,14.0,15.0,16.0,17.0,18.0,19.0,20.0,21.0,22.0,23.0,24.0,25.0,26.0,27.0
THTPA,0.0,-0.132798882548,0.031442122823,-0.435820306217,0.179866783314,-0.213912905911,0.199304310869,-0.106743623024,0.141705280791,-0.470171811008,-0.0867659207784,-0.328285590404,-0.850983536033,0.0753290856145,-0.170901256039,-0.229683775639,-0.41336545539,-0.72235449457,0.112858077179,-0.159644800696,-1.61767551774,-0.269966152936,-0.368217579788,0.0315785285377,-0.30760455086,-0.259580981825,-0.248938646497,-0.167765642892,-0.65078268354,0.13435685774,-0.770534556061,-0.223322172636,-0.612976876891,-0.449843723216,-0.328460642888,-0.375795535145,-0.596018761675,-0.553043014311,-0.788964921706,-0.932987202444
FSP1 (S100a4),0.0,0.746659880202,-0.0971457861338,0.0487324141943,-0.549523340591,-0.0906222350715,-0.160933742163,-0.069273554409,-0.0883600706866,-0.686521290076,0.334286151396,0.310052896404,-0.574436906897,0.0321074493254,-0.00746062446536,-0.228139908509,-0.0834239178257,-0.531164506166,0.424573386649,0.578258577311,0.469795306949,0.0456458841365,0.826982189637,-0.109421686214,0.464604713556,0.0484754554188,0.00768661678446,0.143206145208,0.61281843249,0.463352332219,0.414439408325,0.405137151339,0.554930910446,0.58252427969,0.265424293251,0.251427142172,0.816004210155,1.01171234605,0.154114364573,1.39309551916
AGER,0.0,-0.231610994514,0.631574843705,0.263370106172,0.57293233755,0.0217143053114,-0.226365568205,0.227671302878,0.453814297715,-0.0319294120879,0.415533068309,-0.0897533875756,-0.145079352163,0.231918894568,0.392217589158,1.02160580127,0.612783262234,0.961573382602,0.345283432595,0.170776948634,0.668760336904,0.614227896373,0.638987636312,0.653884284169,0.814835345905,0.571722426786,0.794474047069,1.33934229299,1.19397859722,0.519578297809,0.976719355348,1.00967678825,0.95809267725,0.981364724407,1.00552604359,0.962332962152,1.15437917419,0.805273772262,0.702094056444,0.575013970986
SMAD3,0.0,-0.405669567285,-0.133801555917,-0.554444669892,-0.312967874454,-0.437145988975,-0.44054604869,-0.298499464816,-0.191829113336,-0.754443391019,-0.162887577847,-0.667252532411,-0.769646793771,-0.507202038725,-0.0873641380696,0.30195627986,-0.451429589211,-0.0674172595839,-0.491617961635,-0.745459961624,-0.227441085547,-0.202960622683,-0.322752820639,-0.550606897394,-0.174897921549,-0.482503431963,-0.631481100308,-0.704311884443,-0.634290213085,-0.568887737863,-0.963174551647,-0.851177600089,-0.69300366664,-0.919908744271,-0.703933512325,-0.999674885623,-0.781255204485,-1.0581506781,-1.1938466462,-1.39390340539
RARA RARBRARG  Retinoic acid receptors alpha beta gamma,0.0,1.94909831221,2.24250225515,0.822194139983,1.39981026698,1.599370613,1.65197276725,2.23183353732,1.98101311126,0.66428808968,2.15048758225,1.87654613388,1.4251477265,2.14023763855,2.33897470961,2.21173791882,1.99885636535,1.12738735703,2.41124573209,0.875923343007,1.46916769793,1.60012496336,2.94494752213,1.89479855005,2.69214986503,2.79488953947,1.39068338133,2.53613173819,2.81354745518,1.56036614508,2.00883256363,1.234265183,2.88213918649,2.5242576379,2.55025284643,1.5506431332,3.09296649963,2.41253461995,1.96529034571,2.32307082369
PCYOX1,0.0,-0.549643090103,-0.276291599956,-0.885428437828,-0.283219320547,0.503653783586,-0.0899504682918,-0.440343327326,-0.446405589549,-0.0556279925362,-1.06008305024,-0.592830465413,-0.482576354441,-0.587282663964,-0.626572890893,-0.201999485349,-0.17336195736,0.031922065414,-1.52556957221,-0.219541948607,-0.695366225709,-0.162343612162,-0.729554219391,-0.306187431955,-0.599840397175,-0.885867748136,0.107029840501,-1.04749594669,0.179680316686,-0.697967499652,-0.61123658051,-0.544952242268,-0.895124301694,-0.0357487465938,-0.343714360684,-0.80762244285,-0.868181821268,-0.509994799676,-0.26039752331,-0.796738820497
SNAI1,0.0,1.04357228038,-0.926284846402,-0.71322022722,0.258031247346,0.333582280353,1.00640724239,0.764947039235,0.0380234464549,-0.260468093196,0.935058640308,0.483999122906,-0.413611206488,0.457917341416,0.932070146146,0.406450003442,0.125649793688,-0.0157829972409,0.742946571217,1.19585225609,1.73782153904,0.313053466989,1.77498904062,1.35995154134,1.23639041596,2.5017446731,-0.200207568378,1.16881468691,1.50224849536,1.75694725053,-0.0746766862945,0.149003280902,1.45930188571,1.56917950348,0.870962227501,-0.394727493941,1.56869852497,0.875636189605,-0.409814638399,-0.417417791917
hprt,0.0,0.180096971369,-0.204551344552,-0.455226987131,-0.791523042971,-0.515388024611,-0.322799550692,-0.313321093115,0.540023783175,-0.655316189353,0.167176808724,-0.405564746659,0.278970727759,0.16835189068,-0.238159737195,0.42745777681,0.000158389970065,0.594540157544,0.375291320486,0.831677894268,0.351031355467,0.132050075467,-0.339738633122,-0.0729338691026,0.330519350925,-0.020097569357,0.055925414598,-0.150630957736,0.0539431667005,0.117522764711,-0.911531212138,-0.335535148239,-0.428831114343,-0.296104023634,-0.353232214805,0.377853509485,-0.516520527253,-0.464668267003,-0.511995840963,-0.617400178368
GUCY1A2  sGC(soluble guanylate cyclase) (PMID 23934926),0.0,0.74808538861,-0.185246207746,-0.109833185965,-0.535938532248,-1.30758865561,-0.324389202213,-0.413284852242,-0.0184166539939,-0.416944968474,0.403958116379,0.29798680188,-0.732854047568,0.577956082835,-0.235259352029,0.398935824987,0.426770033184,-0.202514798522,-0.186286925584,1.72446788707,0.0260687318546,0.292020621071,0.54028242171,0.465718785615,-0.0016021045965,0.631109267116,0.700034958583,0.816183554563,0.785856894927,0.640530982502,0.389013177446,-0.185766472822,0.522875557642,-0.233106878611,0.215677857926,0.285654402903,0.427280450681,0.0516747639659,-0.0205033165301,-0.150047378628
MMP7,0.0,0.958570851558,-0.882405627319,-0.748727192087,-1.73601614034,-0.253756592246,-1.18304375386,-1.43447983428,-0.945024664489,0.39687813016,-1.13427792687,-2.63816881694,-1.00095007909,-0.319397605239,0.445114315813,-1.21355505808,-1.5660911389,-0.139499412988,-0.440911833526,0.608513383487,0.820187367402,-1.797416685,-1.40903481772,-0.371689461392,-0.16802671822,-1.17230137332,-1.46561834609,-0.130114301924,-0.0850903772378,-0.638168816939,-2.13845360284,-1.45777048427,-1.06906026742,-1.6801629056,-1.03168775396,-0.439623137557,-2.01815936912,-1.29511055529,-1.99525896701,-0.991477326466
KLra4,0.0,0.62977029608,-0.481790542848,-0.659681854101,-0.0287284490869,2.00737662788,-0.922476629498,-1.85712791831,0.526132019845,1.11477688001,-1.3924596513,-2.37760169258,0.764463504405,0.746943405362,-1.3454430248,-0.635913688168,-0.759517121681,-0.342554745477,1.16181140513,2.86908050785,0.462324862777,-0.873710802503,-2.03687600224,1.49377338845,0.0925404061428,-1.91602160736,0.278500757822,-1.00684283516,1.85121699792,0.0861236644709,-1.02756826001,0.903549264407,-1.38947579286,-0.199814573361,-0.970717128147,0.952580503523,-1.04389642991,-1.4226426568,-0.775009297834,-1.1384140287
P-63,0.0,-0.416813124169,-0.0685120962669,0.131200980804,-0.196098049366,-0.225930815646,0.0786178495727,-0.41709862931,-0.417955483894,-0.54246557809,-0.959964034992,-0.572010079806,-0.988308573806,-0.942042577485,-0.680980867556,-1.18259730875,-0.715641984694,-0.657427892869,-1.34287865468,-0.70307296764,-1.67512836047,-1.41157887111,-0.899172085171,-0.951602966586,-1.68103500144,-0.997155300554,-0.680980867556,-1.01353548927,-1.31617703143,-1.17515677949,-0.84505785473,-1.1467690368,-0.612253430334,-1.11473083125,-1.00983653104,-1.4047087395,-1.02523927767,-1.0442393719,-0.887465057941,-1.00440741635
NME7,0.0,0.191754690306,0.580302659683,0.730056039905,0.156155718909,0.331183997837,-0.288842152579,0.357211550529,0.146152104004,0.215499221473,-0.464389154589,-0.413045022828,-0.443321843452,-0.361878500264,0.341786291964,0.0039822049283,-0.23824007783,1.10463471336,0.00256125037544,0.871072984301,-1.53568266077,-0.550207255316,-0.174811085012,-0.334443807643,-1.59812482365,-0.407745166285,-0.0634701865221,-0.683837099005,0.0226088080928,-0.159777877948,-0.249708838575,-0.681551097828,-0.34489685929,-0.611988666467,-0.317661866916,-0.974869731829,-0.560672229686,-0.389720631477,-0.198802521713,-0.344173522579
EGFR (Epidermal growth factor receptor) (PMID 22916088 22245996),0.0,-1.374238959,-0.914014656347,-0.753082351551,-0.435513104566,-1.12886790177,-0.478498744968,-1.60721843654,-0.365932366468,-0.785330903194,-1.48301328409,-2.14537554141,-1.9629522842,-1.5529686027,-1.39144959087,-0.526714256447,-1.78072900124,-1.44669843196,-1.57640406054,-1.85212652252,-1.5350654455,-1.8519707996,-0.908660217726,-1.37189265871,-1.85352878576,-1.58945553556,-0.788903774795,-0.361658369222,-0.846143290501,-1.97053966531,-1.42186898675,-2.37491003199,-1.46897438928,-1.77304249308,-0.346441787036,-1.83632873781,-1.70087113319,-1.86259843544,-0.351661284661,-0.0114328355651
