0.5,1.0,1.5,2.0,2.5,3.0,3.5,4.0,4.5,5.0,5.5,6.0,6.5,7.0,8.0,8.5,9.0,9.5,10.0,10.5,11.0,11.5,12.0,12.5,13.0,13.5,14.0,15.0,16.0,17.0,18.0,19.0,20.0,21.0,22.0,23.0,24.0,25.0,26.0,27.0
GFPT1,0.0,-0.342586947831,-0.0525012548007,-0.359164670643,-0.113271203113,0.0125066946449,-0.480604596138,0.0348605745814,-0.555993733727,-0.939180045454,-0.201907946733,-0.6162451086,-1.30323665706,-0.416789498541,0.293746228172,0.221690788859,-0.0929114860854,0.0153905589358,0.0823352752005,-0.640427386476,-0.684251460226,-0.256858466095,0.0815261209377,-0.241859596245,-0.127047311018,-0.214307523276,-0.702253647606,-0.296419046684,0.135436215769,-0.71035843556,-0.720295165833,-0.744962085574,-0.200463873138,-0.380214080267,-0.27899498174,-0.671191174735,-0.378505913691,-0.666018104849,-0.738946272007,-0.605433128523
Shisa3,0.0,1.20938380482,-0.144871615548,0.560060478618,0.368024869182,0.336891997532,1.16135239659,0.986496632093,1.51394391191,1.32347148177,1.4317408924,0.733472592103,0.545047501983,1.75475687012,1.25118984711,0.536003595032,0.500867732643,0.314071290121,0.406720578087,2.33609933904,0.519939328662,0.0150771040285,-0.277230710854,0.632129838547,-0.339912559155,-1.09729055101,0.364253115292,0.00085764098883,-0.554544170288,-0.35665863965,-0.637080449776,-0.115453387173,-0.991162200153,-0.997999630206,-0.674473234089,0.115103214296,-0.955233307276,-0.801290921117,-0.7284120412,-0.814809245292
MGAT4A,0.0,0.185861897461,-0.808201077531,-0.275352501037,-1.08268609423,-0.835112231633,-0.908239390806,-1.77019475495,-1.03857703211,-0.106850135585,-1.41348750202,-1.34688551771,-0.986947657573,-0.313038266953,-1.64851619836,-1.04336353792,-1.79126697857,-0.721958569298,-0.292776462316,1.24861743079,-1.01659021867,-1.67798731685,-1.76731224642,-0.689196069257,-1.77525304477,-1.60283682721,-0.428493591024,-1.36420239528,-0.671573077722,-0.748359727689,-1.19924614978,0.0786034262929,-0.690219378231,-1.1120975496,-0.246381917224,-0.434768668315,-0.849139333729,-1.57484715663,-0.829464194766,-1.75013710261
LFNG (Lunatic Fringe) (PMID 19897741),0.0,0.316398369775,0.00853886518208,-0.142927116059,0.0743864467957,-0.420369116139,-0.263267032069,0.393520236991,0.584786272169,0.0647140365221,0.310868677145,0.38366693804,0.0204715483626,0.734150413355,0.589080115328,0.609320472556,0.36785865573,-0.105476357872,-0.276268966172,-0.558665236172,0.0474250831811,-0.236861731729,0.0783975567428,0.500452688569,-0.168366316311,0.644646838521,0.608904570461,0.627365587782,0.674300324212,0.908560173807,0.40018545095,0.564911192206,1.47070067395,0.653680988117,1.07729561276,0.268925656912,1.0331848861,0.733302666803,0.392795648937,0.483159388982
Vegf,0.0,-0.511675370105,0.520402128326,0.0851597220545,0.282961610521,-0.56627743154,-0.42520536166,0.833545453809,0.83907745717,-0.184516313533,0.148834604614,0.583963213732,0.00140598667684,0.975782514964,1.32871306838,0.918136720321,1.65494695315,0.694929544725,0.673634836586,1.04379166368,0.888115258086,0.672464915321,0.929982169162,1.32192809489,1.01850393986,1.45241458118,0.52493606408,1.16307929084,1.01446791923,1.35140955652,1.68120675144,1.38913069154,1.9636764071,1.6220142539,1.74108797541,1.61381463846,1.66975703462,1.81041838694,1.93322068718,1.54446205019
Akt,0.0,-0.154271101001,0.514682222636,-0.297225410353,0.0427748184955,-0.263317384316,0.254421981494,0.706331546749,0.444120621749,0.148878411815,0.910869991825,0.299280251356,0.223806481769,0.69177103276,0.847924857116,1.00081030835,0.572490351452,0.305375195525,-0.150209567531,0.456309353745,0.736505725943,0.407190843212,0.485106787872,0.515651519386,0.10125985633,0.535634104902,0.0314281883596,0.214666416103,-0.430445989102,-0.165136059436,-0.373283571507,-0.481506217847,-0.0327912902463,-0.101709968576,-0.0951465152494,-0.339289184183,0.00623500274634,-0.428659664584,-0.510897814677,-0.469784589158
tfrc,0.0,-0.825606721171,-0.181727365062,0.430153752803,-0.324708485238,0.114377024835,0.264068869074,0.16378464498,0.0189110155927,-0.569199624948,-0.340241948514,0.121904408294,-0.0913077397253,-0.0703403102619,0.281044732627,-0.173043083343,0.19352305818,0.343288289569,0.262435166862,-1.3457339887,-0.613635412394,-0.223468505475,0.516165393907,-0.163586968213,-0.430396385771,0.202496754248,-0.0129662884435,0.34753226984,0.00684631438106,0.494582837606,0.419605316873,-0.0341418627451,0.529754101623,0.33379067713,0.282052928788,0.141219680425,0.371727378401,0.439622008099,0.30028006094,0.019958870796
Chi3l3/Chi3l4,0.0,-0.0475613270301,-0.518793784194,-0.397427423979,-0.413435538923,-0.800871471271,-0.493872963598,-2.30654506219,-1.37635588508,-1.5901703217,-1.68685796371,-0.93557021873,-0.726735049232,-0.984788420749,0.585352330503,-0.115769658898,2.04557116285,-0.0977173684333,2.03552564333,0.738861775457,1.14426922639,-0.705598628403,3.83644928245,2.41278579634,4.11389933032,0.798658521041,1.21023643044,1.04125194937,1.99850467592,2.74964586539,2.59710590724,3.80350666714,2.53637104509,3.12604521863,3.15601006403,3.23973041894,2.93213214401,3.77504399122,3.56754044914,3.03073099703
Sox9,0.0,0.0449521808473,-0.190534114612,-0.383362478757,-1.00754318065,0.682022810969,-0.452088984842,-0.882707908536,-0.542149417182,-0.440776444324,-0.548965311943,-1.47534433714,-0.873172546389,-0.812986902884,-0.360311094196,-1.35101620214,-0.97097818653,-0.565763221163,0.271613305271,0.736290916185,-0.670464728888,-1.29966006641,-1.35300292962,-1.09960979856,-1.2649554727,-1.63055698706,-1.33260416503,-2.65485899416,1.11621540869,-1.5342380262,-1.69461430067,-0.538753507319,-1.52375654233,-2.81541977874,-0.620550739149,-1.26433214366,-2.07480640756,-2.59407127571,-1.85054157189,-3.58004171581
ABCG2,0.0,0.745632852605,0.55228103113,0.589752403015,-0.204252819541,-0.399771746013,0.47332481444,0.897806487459,0.274427910585,-0.124777170428,-0.433359814284,1.05553827652,-1.07121886576,-0.444731887104,0.444195283506,0.170020320067,-0.0927091084821,-0.204911885355,-0.370270806555,0.461743484717,-0.581249733052,-0.514777448234,0.892732795828,-0.526263281192,-0.488060109858,0.0645902952578,-0.193748508902,0.137633502131,0.766123378393,-0.105881699571,0.561223786065,-0.852522248584,0.825743276549,0.493371091027,0.459665571293,-0.419907118852,0.642242443165,0.42643100403,0.445035770008,0.390886887172
ALDH1A2,0.0,0.141081676869,0.242808257891,-0.778750307469,-0.0247703776107,-1.98748936153,-1.52785186419,-0.570471498124,-0.66058723086,-0.634640388115,-1.18564524624,-1.83707251898,-1.11652468425,-1.07502298037,-0.509848629486,-1.61701408406,-2.35865900944,-1.17271199028,0.020978839504,-0.125219385798,-0.913545401883,-3.53114945429,-1.51147603523,-2.42152496311,-1.59441719375,-2.32249934615,-1.71018188652,-2.0,-0.973403182054,-0.828933174168,-1.47370909614,-3.19150325355,-1.38526684431,-2.19411446701,-1.95280483233,-1.37042417182,-3.30828548693,-1.54358298463,-2.4985079026,-3.15035408148
ABCD1,0.0,-0.572814733318,1.20940814835,-0.291645941654,-0.438840867469,-0.0213486806625,-0.663313599247,-0.0650178142948,-0.0787927624019,-0.690955697179,0.0173228035892,-0.599816995657,-0.331088982184,0.216164951059,-0.225276602884,0.291039398085,-0.261919494618,-0.158555093033,0.187967006439,0.425110043308,-0.285345581507,0.052163656356,-0.484534829281,0.097694184282,-0.253252631432,-0.0505065770768,0.147380969087,-0.379780883096,0.603891536927,0.397433603008,-0.176247489011,-0.103145130098,-0.0278722317248,-0.152188995776,-0.265099265731,-0.0701314280774,-0.0805607712517,-0.066185043356,-0.537175650021,-0.0935928002884
CD38,0.0,0.66624926101,0.458381396578,0.0565264460443,-0.327713800146,-0.702458593476,-0.0721783266346,0.373612168572,0.190295255315,-0.233262642963,0.318557082724,0.273570132786,-0.13205969949,0.280917950884,0.966642216711,1.21063741079,1.20255911733,0.0753565142735,0.741078135059,1.42228906909,0.798842598915,0.753428419386,0.997702437255,1.31240771648,1.30319062292,1.34124926678,1.07297757358,1.78441492544,2.00152967824,1.78113960982,1.40095106042,1.47018079266,1.24919382204,1.96799428753,1.13409701201,1.74053695009,1.71482711893,1.38223137159,1.23519552967,0.851609899299
EPHA3,0.0,0.386630775701,0.306622823744,0.284344073914,0.274217102103,0.0143147313093,0.295487640315,-0.682403724195,-1.09276011815,-0.413165043757,-0.681639463414,-1.01176623503,-0.733286461327,-0.829387091256,-0.826174148971,-1.98738422281,-1.16718854511,-2.40405964511,-2.75836910646,0.0982330429708,-2.56499899539,-1.95858546535,-1.93617207746,-1.75740247658,-0.739317538488,-1.86607792659,-1.7108138768,-2.09846086804,-1.40582564433,-1.36967847812,-2.06698263657,-1.89909941536,-1.92491373304,-2.49619447123,-2.02915995593,-2.00563199229,-2.58315347849,-1.99762017854,-1.87373888857,-2.48495054872
ppia,0.0,0.242056759769,0.221510524198,0.364400350442,0.189894015654,0.0484851901466,0.519046692615,0.308026870582,0.415180922778,0.0867101471996,0.17172774094,0.192148800149,-0.0666247318875,0.0377801548085,0.3517399292,0.199006909561,0.0991407330102,0.00316750010737,-0.264275420558,-0.11882393439,-0.288454315007,-0.396166590845,-0.027654742283,-0.417670754665,-0.804150676401,-0.499998290176,0.0154002654165,-0.257614393652,-0.54044856714,-0.371714318777,-0.262535198564,-0.624704088355,-0.200764235937,-0.349930613566,-0.265374609736,-0.606564362543,-0.239423832175,-0.241658793988,0.044243280247,-0.0372254065777
