0.5,1.0,1.5,2.0,2.5,3.0,3.5,4.0,4.5,5.0,5.5,6.0,6.5,7.0,8.0,8.5,9.0,9.5,10.0,10.5,11.0,11.5,12.0,12.5,13.0,13.5,14.0,15.0,16.0,17.0,18.0,19.0,20.0,21.0,22.0,23.0,24.0,25.0,26.0,27.0
MCPt4,0.0,-0.583297532226,-0.852191621847,-1.0387529017,-2.10001173197,-0.250428574528,-1.70915260816,-1.62599892247,-1.54598740843,-0.142462226637,-0.555050030898,-2.49948894633,-1.99762206137,-1.19343859594,-1.23018778209,-1.1851170717,-1.05679297472,-1.59979385212,-0.420919893952,-0.388158598795,-0.794914243868,-2.020613704,-3.07773810296,-0.0832743544611,-1.1646987005,-3.75822321473,-1.45966962821,-1.58543855915,-0.598351877948,-1.17111544217,-3.20363436305,-0.881706268162,-2.64671489951,-1.93986929372,-1.7060433504,-0.971253532859,-3.28945373151,-3.62306363145,-2.61429342182,-2.78094329123
ubc,0.0,-0.50589092973,-0.958687904973,-0.991558226113,-1.81659176919,-0.834597557248,-0.535037275389,-0.659899159065,-0.686222746234,-1.4286479308,-0.784518270253,-0.684180714695,-1.58179104409,-0.0521538791455,-1.36184456011,-1.19264507794,-1.38985893628,-1.18396283484,-0.425233266385,0.0276724184846,-0.379083226588,-0.919726683799,-1.09989857005,-1.26863315883,-0.441525389466,-1.53136161725,-1.36838740598,-0.169607541866,0.0139025565111,0.0314051373609,-1.26710407014,-0.826692359163,-0.425233266385,-0.678071905113,-1.04122266273,0.337590495702,-0.620316565359,-0.344003247353,-0.769286054416,-0.601888613446
P4HA3,0.0,-1.21892275037,-0.369807436097,-0.435655795183,-0.215950712941,-0.940107761841,0.415086656648,0.222083393802,0.892146703837,0.518225915312,1.27032414444,0.167804178459,0.146467103114,1.11334292961,1.39024661089,1.74363566743,1.16350926615,1.38000828126,1.42104684661,1.65824847261,1.58581432477,0.567355170946,1.17548553516,1.24888965848,0.384082201878,0.179310931023,0.265751932217,-0.691862579115,-1.22304801302,-1.01204474217,-2.04737126054,-0.933332766156,-1.8367541035,-1.53833564603,-4.3056991932,-1.54233916309,-1.76415897277,-2.31154401568,-1.90507288755,-2.43689743358
FGF18 ,0.0,-0.113274292819,-0.0446400388274,-0.371942176035,-0.032100843167,-0.475907266248,0.432768454289,0.435379304244,0.73742679213,0.222934991873,0.120457026305,0.571422794937,0.259321369248,0.769376218366,1.2123178845,1.44273452058,1.41384991436,1.03445205532,0.325342887592,1.88833905005,0.877819926793,0.820282210582,1.21155652148,0.844132731208,0.623339059377,0.0636937738676,0.719165104048,0.142502241694,-0.357327321752,-0.288933909833,-1.28628433142,-0.932158313005,-0.601609691482,-1.68203886386,-0.774625962675,-1.08005406639,-0.798967923047,-1.0323783112,-1.66645137085,-1.70264601164
Claudin 3,0.0,-0.383919019852,-0.0269889142599,-0.536290223281,-0.606815615592,-0.603541627012,-1.15027494045,-0.699488058655,-1.31268636547,-1.26455836794,-0.781633949326,-1.42600608946,-0.779785160514,-0.72407285675,-1.19108492192,-0.65162738779,-0.603038595263,-1.33820309794,-1.65266810563,-0.911699859926,-0.555059741465,-1.50509645766,-1.47947892348,-0.713536885425,-1.79651017515,-0.605807442916,-0.845201642172,-1.04335973653,-1.17510806937,-1.03842045349,-1.13546856427,-1.15727385773,-0.241670493933,-1.17212034883,-1.31001565833,-1.12640410217,-1.25919850404,-1.16988361189,-1.06536504462,-1.32611456833
PHGDH,0.0,2.51934703592,0.291424411569,0.303224563976,-0.755747894155,0.0429726716616,-0.0691594211941,-0.140258586244,-0.57514089692,-0.232340063951,-0.417761401716,-0.620143290058,-1.03064663528,-0.451599926022,-0.0756588870864,-1.03040838988,-0.717849098309,-0.394732195489,-1.00420474889,-0.417138341874,-0.255682247732,-0.39350606556,-0.656448553644,-0.966568095548,-0.46946734056,-0.443858591119,-0.833422230035,-1.12288266547,-0.263641001749,-0.114020096762,-0.88095656629,-1.11654670869,-0.285365772904,-1.2480441467,-0.637274424275,-0.366490788781,-0.478538886539,-0.936569603586,-0.63673031903,-0.864300044209
LRAT,0.0,-0.367347771514,-1.22593405091,-1.04646621313,-1.72853529685,-0.543630479123,0.286609567284,-2.22532876664,-0.341209478692,-0.865181349524,-0.8727446436,-2.19183185465,-1.21507759887,-0.52067462576,-1.48015641931,-0.900015764793,-1.93571212504,-0.271132456255,0.00542512875995,1.73276651115,-0.122850996112,-0.59157770198,-1.50638796088,-1.57721854739,-0.372029678862,-1.24114928412,-0.306545552388,0.0271779272882,1.20946735615,0.344221045587,-0.323935390661,0.836708313504,0.0868841734125,0.558317728503,0.197102928731,3.07937091512,1.17469101857,1.65337024552,0.546847399883,0.131987059693
Lrp2,0.0,0.332216669487,0.0188152265702,0.612571043334,0.571146723051,1.33386428713,0.141719006746,0.542933747882,-0.605867703177,0.132755208852,0.465949812492,0.285940936219,0.296963637816,0.837514421796,0.985136132897,0.71558652242,0.582105935041,-0.153993435718,0.926013072748,-1.26370908382,1.20238939669,0.782873052393,1.06455889867,0.795483578411,1.13464695807,0.829166704667,0.341255369392,1.15354588189,1.71945190773,1.62378251489,1.50568629369,1.50166076113,2.39452706904,1.50504661892,1.9490403344,2.21842137508,2.10937769437,2.02622219268,1.92942257247,1.92088366736
EPHA7,0.0,0.99726953336,0.231984304961,0.0920415762768,0.28317439999,0.330159383804,0.300997635103,0.316890514438,0.47764581314,0.0757785404753,-0.131278420439,0.059937023996,0.339750430936,0.513924660365,0.726729450778,-0.1180888606,0.0883276910953,0.624272874127,0.159078215953,0.19205193768,0.481388656147,-0.5372512949,-0.446208789202,-0.523547130674,0.218795945394,-0.589476494651,0.119449528346,0.137460394498,0.175554268111,-0.101451547211,-0.237454369878,0.284538282229,-0.483530415407,-0.409828353475,-0.336410892444,0.491041091629,-0.578808254955,-0.469010946608,-0.402284832807,-0.715461717771
ERB,0.0,1.34289163329,-0.448163282174,0.466492703414,-0.0396755808553,1.98586686251,0.0242543404995,-0.929591260043,0.516935643003,-0.613576495789,0.314161761987,-0.823341761763,-0.399494707165,0.972425186019,0.194936323261,-0.25239315659,-0.844413985382,-0.824063289681,0.934748172439,0.388293491564,-0.0697372254831,-1.41408661508,-0.588227441387,0.170513717939,1.2403337414,-0.585778043445,-0.548930992445,0.277972139323,1.6230468194,1.00772474884,0.335318413583,0.18277669962,0.215094419893,0.0366277864579,0.5299815294,0.939857323563,-0.0943328914253,-0.0147507736232,0.235667338277,0.118140202106
Cdh11,0.0,-1.03032215313,-0.00295386092215,0.233663773261,0.198344837835,-0.0711537645334,0.834405645385,0.560047756623,0.986417106135,0.612070554615,0.133676528056,0.821743463938,0.507315445509,0.451152188578,0.764518269962,0.0450600896536,0.479750823135,0.740598174833,-0.147210882582,0.322743489588,-0.675560905071,-0.330111657471,0.00704489171887,-0.253530259988,-0.821322762223,-0.715671908842,0.0713000270798,-0.771203855417,-0.856699897005,-0.727920454563,-0.568798904996,-1.06361501223,-0.656307852439,-1.05153813741,-1.14772501599,-1.18270904114,-1.0395274432,-1.0280891405,-1.15180785763,-1.42571986417
PDGFRA (platelet-derived growth factor receptor alpha) (PMID 23748534) (Most important),0.0,0.0773313109323,0.240479902354,-0.149452736387,-0.35299811737,-0.66629749187,0.16240611085,0.133355687928,0.719997158197,-0.107800215061,0.326894654172,-0.0120870679723,0.152814219741,0.331058825378,0.797706205251,1.16065236487,1.02334823783,0.995445668151,0.873196002558,0.89575026839,1.29017921175,1.19801253253,1.01441620286,1.10710624802,1.45020248915,1.28828217658,1.35602678322,1.71880583274,2.27113260821,1.90418354293,1.95236881517,1.92869983999,1.28352864661,1.90905852154,1.62120749597,1.94994777912,1.50843037618,1.25900172307,1.15977469178,1.15933565493
C/EBP,0.0,1.06603812372,-0.282553856553,-0.150525462869,-0.055215612612,-0.989772107325,-0.86094212698,-0.195091015303,-0.644034399279,-0.33913738492,-1.29509305221,-0.205573859178,-0.304921669582,-0.856461168765,0.72090999875,0.36661939713,-0.197050755302,-1.33913738492,-0.16026342675,-0.127502131592,-0.534257776665,-1.75995723679,-0.46729373641,-0.848567254473,0.095424126953,-0.9083168884,0.000570122529012,-0.51783534503,-0.337695410746,-0.404809606604,0.103408071186,-0.966185287008,-0.387549590105,-0.0954683039527,-0.241526588293,-1.17563865264,-0.103410325082,-0.314817705724,-0.0340423742529,-0.48394497696
THTPA,0.0,-0.132798882548,0.031442122823,-0.435820306217,0.179866783314,-0.213912905911,0.199304310869,-0.106743623024,0.141705280791,-0.470171811008,-0.0867659207784,-0.328285590404,-0.850983536033,0.0753290856145,-0.170901256039,-0.229683775639,-0.41336545539,-0.72235449457,0.112858077179,-0.159644800696,-1.61767551774,-0.269966152936,-0.368217579788,0.0315785285377,-0.30760455086,-0.259580981825,-0.248938646497,-0.167765642892,-0.65078268354,0.13435685774,-0.770534556061,-0.223322172636,-0.612976876891,-0.449843723216,-0.328460642888,-0.375795535145,-0.596018761675,-0.553043014311,-0.788964921706,-0.932987202444
