0.5,1.0,1.5,2.0,2.5,3.0,3.5,4.0,4.5,5.0,5.5,6.0,6.5,7.0,8.0,8.5,9.0,9.5,10.0,10.5,11.0,11.5,12.0,12.5,13.0,13.5,14.0,15.0,16.0,17.0,18.0,19.0,20.0,21.0,22.0,23.0,24.0,25.0,26.0,27.0
ppia,0.0,0.242056759769,0.221510524198,0.364400350442,0.189894015654,0.0484851901466,0.519046692615,0.308026870582,0.415180922778,0.0867101471996,0.17172774094,0.192148800149,-0.0666247318875,0.0377801548085,0.3517399292,0.199006909561,0.0991407330102,0.00316750010737,-0.264275420558,-0.11882393439,-0.288454315007,-0.396166590845,-0.027654742283,-0.417670754665,-0.804150676401,-0.499998290176,0.0154002654165,-0.257614393652,-0.54044856714,-0.371714318777,-0.262535198564,-0.624704088355,-0.200764235937,-0.349930613566,-0.265374609736,-0.606564362543,-0.239423832175,-0.241658793988,0.044243280247,-0.0372254065777
Aqp5(Aquaporin),0.0,0.238954496476,0.239433351712,-0.293155777422,0.204346767713,0.260960484221,-0.402263978454,-0.210347378728,0.399552760062,-0.1642065471,1.09611776789,0.0154601045455,0.858727267277,0.727950669803,0.739788873034,1.5950631345,1.03014754787,1.08765898856,0.718444016497,0.345062127318,1.33075222099,1.17049637701,0.67609231737,0.966492656271,1.34875069305,1.03848158475,0.470615257936,1.17616020348,2.00911340459,0.570248820959,0.845042237915,0.825847408468,1.38309123239,1.05935256548,1.06884090216,1.28910320736,1.5825677978,1.15395456884,0.880872573019,0.631730255383
Epcam,0.0,0.120133332106,0.0712701376934,-0.165853586062,-0.479165620548,-0.251772115018,-0.136268104863,-0.360805518942,-0.474483854755,-0.685036324688,-0.682686657979,-0.852670354473,-1.16886496222,-0.781132714308,-0.33945810885,-1.01138038581,-0.640578072724,-0.610118917973,-0.686683371314,0.0793221517025,-0.763934021635,-0.821059112458,-0.790631629301,-0.634207543346,-0.506852217772,-0.423570492035,-1.19876989146,-0.50674830341,-0.61694441622,-1.08953032973,-0.837692783047,-0.951319567842,-0.339920852235,-0.736746211794,-0.940331309157,-1.02144023612,-0.550635947411,-0.743219815101,-0.551385983841,-0.997296612791
TST,0.0,-0.402608459034,-0.0725576919208,0.0177337708005,-0.2639013604,-0.97445216374,-0.748408130179,-0.926435336368,-1.37746495636,-1.35416029454,-0.881810411653,-1.61705382531,-2.42860246349,-1.18251679845,-0.936611520416,-1.2129880304,-1.33494952116,-1.60336511578,-1.29187150662,-0.636314281614,-1.5236371049,-1.51330339151,-1.49560749392,-1.55988231677,-1.83030602416,-1.03127196064,-1.13500079948,-1.31792581739,-1.48371949852,-1.66780339201,-1.43454838628,-1.60496434505,-0.966109174984,-1.11040121809,-1.21531261506,-1.70954866312,-1.39824426684,-1.12874299975,-1.40991157884,-1.65947074257
POS_E,0.0,0.678071905113,0.19318329658,-0.175318260213,-0.183446141096,0.189411542691,-0.416473731394,0.571984646723,0.139459720715,-0.198192726465,0.380167039432,0.811655059491,0.181838322986,0.300815813148,0.280867698921,0.147258091276,-0.23827016584,-0.399332598573,0.200697350237,-0.388017285345,-0.354594283808,0.383472184155,0.672678646342,0.55156192897,0.386769774256,0.536795218261,0.273760812427,-0.107246515215,-0.0216950710993,0.416113735838,0.47306962065,0.115808452651,0.457472765599,0.672678646342,0.39334242818,0.512849522636,0.969534719273,1.06730993496,0.620411336725,0.0298352295408
Src,0.0,0.135576179568,0.41586039379,-0.661542138442,-0.258974580801,0.338608810556,-0.646076767968,0.459093217526,-0.257947142152,-0.298569563489,0.0593173594564,0.185649439946,-0.199902749951,0.702896918006,0.477099974283,0.622082339044,0.359066535308,0.525937582197,0.0960767735319,1.20030130146,-0.977275449978,0.608438405511,0.642492729973,0.685941705664,-0.28141733986,0.806495748807,0.266775385879,0.44927110862,1.05132685848,0.615556826958,0.513054953401,0.220714511873,0.787877944654,0.542642606761,0.413282809469,0.31337085314,0.654910941176,0.0691754259943,0.0822155979988,-0.295579520884
SFTP-C,0.0,-0.254656598121,0.1246227184,0.267712962613,-0.0226586350831,-0.539108198793,-0.0953135058106,0.0250609452443,0.196377134195,-0.514042213965,0.23418406123,0.190396015807,0.0682421857399,0.335515880505,0.384731589412,0.52605458212,0.536238582713,0.119928697271,0.561424970587,0.566847827104,0.649699322043,0.39307417351,0.617726243887,0.324902962639,0.513243239169,0.531269580848,0.276614749501,0.914629816307,0.883847705812,0.89113775239,1.01628035645,0.665399236192,1.35974083529,0.993148939426,0.800650561336,0.810615974256,0.986539732171,1.01779097356,1.10121843323,1.0678726425
RAGE,0.0,0.0266072548014,-0.0684479957668,-0.222434745244,-0.659715073342,0.236121259526,-0.962959987662,-0.884215157641,-0.730315029023,-1.41383178957,-0.194196758247,-2.19180188175,-1.21372109769,-0.720030260508,-0.721809105027,-0.928115017156,-1.63318268826,-1.06565478088,-0.965933085141,0.290389364742,-2.11636628033,-2.39517707692,-2.3733025773,-2.43067575814,-0.689813480138,-2.6179034941,-0.610614931355,-1.20798998685,-0.47843506045,-1.54162492653,-2.43375953924,-1.4534447321,-1.57755381941,-1.99980955778,-1.76614433046,-2.43788152787,-1.91405038718,-1.90975024975,-1.66122023262,-2.51743282697
MMP-3,0.0,0.732971050661,-0.997153510999,-1.12182292829,-1.27122560586,-0.838719092967,-0.574081325696,-1.97644911723,-1.16376469137,-1.97769550612,-2.33848535941,-3.08777946477,-2.20404194446,-0.64112819242,-0.876581255093,-0.697514240115,-3.15105363962,-1.49209055745,-0.418735771083,0.023550882766,-0.0814010469814,-2.26817228188,-1.7941190949,-1.47791162228,-0.287362442997,-0.642116001456,-0.91069467175,-1.26740995952,0.765180868454,-1.03622555383,-1.18304375386,-1.29045669628,-1.33050141518,-1.15105363962,-1.62151272993,-0.859822341952,-0.290069551494,-1.1787371983,-0.591149228174,-1.02136892559
hmbs,0.0,-0.276551717533,-0.110605487403,-0.0148206182072,-0.0930513299465,-0.377930983975,-0.147332349071,-0.227337313243,0.0158830416067,-0.193073794976,-0.394757450897,-0.0266693951298,-0.322896346629,-0.499647778149,-0.0269652213243,-0.449352075604,-0.277841985146,-0.0768307209879,-0.413586339015,0.121087715526,-0.750580613023,-0.731169690659,-0.430575438243,-0.461296082164,-0.687491480121,-0.804840504538,0.176267094355,-0.561726792827,-0.0872813663713,-0.296978972254,-1.0563551157,-0.582303154271,-0.571762474045,-0.946509705796,-0.885155796713,-1.03378601979,-0.813490086326,-0.912406209877,-1.11447737284,-0.612322251354
ywhaz,0.0,0.354422959596,0.41167436863,0.368013872705,0.353057369101,0.302431296031,0.334113623679,0.646642952707,0.633288847084,0.204990116296,0.339726390158,0.35211777526,0.240467705192,0.393533940886,0.685789415097,0.806541376595,0.493682779788,0.0768367636583,0.106781203083,0.373558272998,0.310087489,0.340295082554,0.650275001751,0.393207329508,0.192808666738,0.54580491118,0.607392843213,0.653260066249,0.207995869894,0.471373302119,0.561793743734,0.2160746292,0.568928369492,0.376585753909,0.224705867692,0.172184520003,0.597205707322,0.292848077261,0.425367095688,0.640261282269
gapdh,0.0,1.79854499015,0.359854139435,0.0114296041814,-0.321338691243,-0.194530035827,-0.151999528678,0.0981882739382,-0.151007677469,-0.489892190043,-0.210911536767,-0.383435121651,-0.486704293675,-0.464138995558,-0.0264310190361,-0.418824688151,-0.161016793154,-0.336936490379,-0.45745919825,-0.616330608554,-0.893682273611,-0.709211606908,-0.211388160975,-0.841909729774,-0.890486890493,-0.275810628123,-0.565101472628,-0.654504820275,-0.935368046977,-0.609216753587,-0.576347269749,-0.901741792954,-0.17931300517,-0.612515836909,-0.621068069173,-0.806025429529,-0.295717918014,-0.613268169083,-0.43481071091,-0.641675863901
ITGax (CD11c),0.0,-0.676139057196,-1.69736594882,-0.726648071152,-1.01947225321,0.635356134508,-0.0163567606272,-0.903926491069,-0.690255559656,-1.25724361337,-0.875421851462,-0.863375900258,-0.494245283972,-0.0854129342199,-0.434806817258,-0.131537615055,-0.227603494481,0.92673957058,0.879495518,0.497060014476,0.432405758372,-0.494245283972,-0.0907083769989,-0.483757396991,1.46668636543,0.0373168995527,0.105092944645,-0.308038568646,1.34114102466,0.0325972981838,-0.0329010970588,-0.144598145527,-0.676139057196,0.322455492093,0.468117058665,0.468117058665,0.000878888264092,0.526959902944,0.487058622318,0.000878888264092
INMT,0.0,-1.1131254615,0.220672909492,-1.30891338736,-3.15362304486,-4.8770947822,-4.05921468028,-5.49603156322,-4.26300102685,-4.44592504181,-4.55909568011,-4.4018362009,-4.97787060255,-4.73151964217,-4.53568063987,-4.04537015421,-4.06629461661,-2.7549870018,-3.46536221131,-1.60061991995,-1.29027854338,-0.872715627152,-2.44872584844,-0.828864434447,0.022988851706,0.580723947109,0.812354987541,1.12960980435,1.68172616606,2.46350026049,2.5915079607,2.30955045751,2.20290874701,2.23820467027,2.09941841304,2.35052367847,1.84371829374,2.2578872721,2.14657548842,2.12987675416
